1.0 29.42 1.25 2.0 8.0 8.0 0.25 0.0 1.0 2.0 1.0 2.0 400.0 109.0 0
0.0 44.17 6.665 2.0 11.0 4.0 7.375 1.0 1.0 3.0 1.0 2.0 0.0 1.0 1
1.0 32.83 2.5 2.0 13.0 8.0 2.75 1.0 1.0 6.0 0.0 2.0 160.0 2073.0 1
1.0 33.2634740346 3.13739803007 2.0 9.71487763608 5.80991842406 5.05041563837 1.0 1.0 7.97727566616 1.0 2.0 397.357438818 1.0 1
0.0 22.67 0.79 2.0 3.0 4.0 0.085 0.0 0.0 0.0 0.0 2.0 144.0 1.0 0
1.0 20.0 7.0 2.0 8.0 4.0 0.5 0.0 0.0 0.0 0.0 2.0 0.0 1.0 0
1.0 27.58 3.25 1.0 11.0 8.0 5.085 0.0 1.0 2.0 1.0 2.0 369.0 2.0 0
1.0 38.67 0.21 2.0 4.0 4.0 0.085 1.0 0.0 0.0 1.0 2.0 280.0 1.0 1
1.0 16.25 0.0 1.0 6.0 4.0 0.25 0.0 0.0 0.0 0.0 2.0 60.0 1.0 0
1.0 49.58 19.0 2.0 1.0 1.0 0.0 1.0 1.0 1.0 0.0 2.0 94.0 1.0 0
1.0 35.0 3.375 2.0 8.0 8.0 8.29 0.0 0.0 0.0 1.0 2.0 0.0 1.0 0
0.0 49.6861619316 8.6668755218 2.0 7.2219785579 3.6665622391 6.99972587764 1.0 1.0 6.5557296015 1.0 2.0 0.0 1276.56042884 1
1.0 48.5 4.25 2.0 7.0 4.0 0.125 1.0 0.0 0.0 1.0 2.0 225.0 1.0 1
0.0 24.83 4.5 2.0 9.0 4.0 1.0 0.0 0.0 0.0 1.0 2.0 360.0 7.0 0
0.0 18.83 4.415 1.0 8.0 8.0 3.0 1.0 0.0 0.0 0.0 2.0 240.0 1.0 1
1.0 48.5 4.25 2.0 7.0 4.0 0.125 1.0 0.0 0.0 1.0 2.0 225.0 1.0 1
1.0 54.83 15.5 2.0 10.0 9.0 0.0 1.0 1.0 20.0 0.0 2.0 152.0 131.0 0
1.0 30.75 1.585 2.0 2.0 4.0 0.585 0.0 0.0 0.0 1.0 1.0 0.0 1.0 0
0.0 24.3136739696 10.1416343962 2.0 11.6227096706 4.83027956085 7.3760090445 1.0 1.0 4.16972043915 0.792430109788 2.0 120.0 3.28326879233 1
1.0 29.67 1.415 2.0 9.0 8.0 0.75 1.0 1.0 1.0 0.0 2.0 240.0 101.0 1
0.0 32.25 1.5 2.0 8.0 4.0 0.25 0.0 0.0 0.0 1.0 2.0 372.0 123.0 0
1.0 31.08 3.085 2.0 8.0 4.0 2.5 0.0 1.0 2.0 1.0 2.0 160.0 42.0 0
1.0 56.0 12.5 2.0 4.0 8.0 8.0 1.0 0.0 0.0 1.0 2.0 24.0 2029.0 1
0.442655138242 27.0098546338 7.32747455654 2.0 8.0 4.55734486176 3.42203458528 1.0 1.0 5.98389624417 0.0 2.0 54.8511393321 487.494893271 1
1.0 20.42 7.0 2.0 8.0 4.0 1.625 1.0 1.0 3.0 0.0 2.0 200.0 1392.0 1
1.0 31.08 3.085 2.0 8.0 4.0 2.5 0.0 1.0 2.0 1.0 2.0 160.0 42.0 0
0.0 27.58 3.0 2.0 7.0 4.0 2.79 0.0 1.0 1.0 1.0 2.0 280.0 11.0 0
0.0 20.75 10.25 2.0 11.0 4.0 0.71 1.0 1.0 2.0 1.0 2.0 49.0 1.0 1
1.0 36.6035324411 0.671321446776 2.0 7.75588311026 4.0 1.03749678138 0.244116889737 0.244116889737 1.46470133842 0.0 2.75588311026 188.882337795 1.0 1
1.0 29.67 1.415 2.0 9.0 8.0 0.75 1.0 1.0 1.0 0.0 2.0 240.0 101.0 1
1.0 22.5 11.5 1.0 7.0 4.0 1.5 0.0 0.0 0.0 1.0 2.0 0.0 4001.0 0
1.0 25.83 12.835 2.0 13.0 4.0 0.5 0.0 0.0 0.0 0.0 2.0 0.0 3.0 0
0.0 45.33 1.0 2.0 11.0 4.0 0.125 0.0 0.0 0.0 1.0 2.0 263.0 1.0 0
1.0 57.83 7.04 2.0 7.0 4.0 14.0 1.0 1.0 6.0 1.0 2.0 360.0 1333.0 1
1.0 34.08 0.08 1.0 7.0 5.0 0.04 1.0 1.0 1.0 1.0 2.0 280.0 2001.0 1
0.0 33.08 1.625 2.0 2.0 4.0 0.54 0.0 0.0 0.0 1.0 2.0 0.0 1.0 0
1.0 52.42 1.5 2.0 2.0 4.0 3.75 0.0 0.0 0.0 1.0 2.0 0.0 351.0 0
0.0 18.92 9.0 2.0 6.0 4.0 0.75 1.0 1.0 2.0 0.0 2.0 88.0 592.0 1
1.0 28.17 0.125 1.0 4.0 4.0 0.085 0.0 0.0 0.0 0.0 2.0 216.0 2101.0 0
1.0 34.08 0.08 1.0 7.0 5.0 0.04 1.0 1.0 1.0 1.0 2.0 280.0 2001.0 1
1.0 32.67 9.0 1.0 9.0 8.0 5.25 1.0 0.0 0.0 1.0 2.0 154.0 1.0 1
1.0 19.42 6.5 2.0 9.0 8.0 1.46 1.0 1.0 7.0 0.0 2.0 80.0 2955.0 1
1.0 47.67 0.29 2.0 8.0 5.0 15.0 1.0 1.0 20.0 0.0 2.0 0.0 15001.0 1
1.0 36.33 2.125 1.0 9.0 4.0 0.085 1.0 1.0 1.0 0.0 2.0 50.0 1188.0 1
1.0 29.92 1.835 2.0 8.0 8.0 4.335 1.0 0.0 0.0 0.0 2.0 260.0 201.0 1
1.0 19.67 10.0 1.0 4.0 8.0 0.835 1.0 0.0 0.0 1.0 2.0 140.0 1.0 0
1.0 29.9060312591 1.37199430449 1.96666225154 8.96666225154 7.86664900618 0.775003311341 0.966662251545 0.966662251545 0.966662251545 0.0333377484553 2.0 239.733298012 101.43339073 1
0.663734106445 27.1862365376 1.32746821289 2.0 5.34506357422 6.65493642578 2.76445255335 0.663734106445 0.663734106445 1.32746821289 0.663734106445 2.33626589355 182.008797681 1.0 1
1.0 54.4776864653 9.42002843263 2.0 1.02538010162 1.00951753811 14.3756132548 1.0 1.0 10.968274873 0.996827487297 2.0 30.1586256351 300.930204721 1
1.0 60.08 14.5 2.0 1.0 1.0 18.0 1.0 1.0 15.0 1.0 2.0 0.0 1001.0 1
1.0 21.92 0.54 1.0 14.0 4.0 0.04 1.0 1.0 1.0 1.0 2.0 840.0 60.0 1
1.0 34.83 2.5 1.0 9.0 4.0 3.0 0.0 0.0 0.0 0.0 1.0 200.0 1.0 0
1.0 30.75 1.585 2.0 2.0 4.0 0.585 0.0 0.0 0.0 1.0 1.0 0.0 1.0 0
0.0 29.58 1.75 1.0 4.0 4.0 1.25 0.0 0.0 0.0 1.0 2.0 280.0 1.0 0
0.0 22.25 1.25 1.0 1.0 1.0 3.25 0.0 0.0 0.0 0.0 2.0 280.0 1.0 0
1.0 28.0 2.0 2.0 4.0 8.0 4.165 1.0 1.0 2.0 1.0 2.0 181.0 1.0 1
1.0 34.25 3.0 2.0 13.0 8.0 7.415 1.0 0.0 0.0 1.0 2.0 0.0 1.0 1
0.442655138242 27.0098546338 7.32747455654 2.0 8.0 4.55734486176 3.42203458528 1.0 1.0 5.98389624417 0.0 2.0 54.8511393321 487.494893271 1
1.0 27.67 13.75 2.0 9.0 4.0 5.75 1.0 0.0 0.0 1.0 2.0 487.0 501.0 1
1.0 32.0274384153 5.59021398592 1.37974947791 8.62025052209 4.0 1.00209498915 1.0 1.0 7.07599164655 0.0 2.0 106.962421686 1195.97473904 1
1.0 49.17 2.29 2.0 1.0 1.0 0.29 0.0 0.0 0.0 0.0 2.0 200.0 4.0 0
0.0 50.4817902892 7.46719156813 2.0 3.49629668776 2.49777801266 0.374444503164 1.0 1.0 7.50518463714 0.500740662448 2.0 0.0 1492.36445877 1
1.0 51.58 15.0 2.0 8.0 4.0 8.5 1.0 1.0 9.0 0.0 2.0 0.0 1.0 1
1.0 29.67 1.415 2.0 9.0 8.0 0.75 1.0 1.0 1.0 0.0 2.0 240.0 101.0 1
1.0 42.83 1.25 2.0 7.0 4.0 13.875 0.0 1.0 1.0 1.0 2.0 352.0 113.0 0
1.0 17.58 10.0 2.0 9.0 8.0 0.165 0.0 1.0 1.0 0.0 2.0 120.0 2.0 0
1.0 28.75 1.5 1.0 8.0 4.0 1.5 1.0 0.0 0.0 1.0 2.0 0.0 226.0 0
1.0 34.75 2.5 2.0 13.0 5.0 0.5 0.0 0.0 0.0 0.0 2.0 348.0 1.0 0
1.0 43.25 25.21 2.0 11.0 8.0 0.21 1.0 1.0 1.0 0.0 2.0 760.0 91.0 0
0.0 25.58 0.0 2.0 8.0 4.0 0.0 0.0 0.0 0.0 0.0 3.0 184.0 1.0 1
1.0 29.58 4.75 2.0 7.0 4.0 2.0 0.0 1.0 1.0 1.0 2.0 460.0 69.0 0
1.0 56.0 12.5 2.0 4.0 8.0 8.0 1.0 0.0 0.0 1.0 2.0 24.0 2029.0 1
1.0 25.0 12.0 2.0 4.0 4.0 2.25 1.0 1.0 2.0 1.0 2.0 120.0 6.0 0
1.0 22.67 10.5 2.0 11.0 8.0 1.335 1.0 0.0 0.0 0.0 2.0 100.0 1.0 1
1.0 29.83 1.25 1.0 4.0 4.0 0.25 0.0 0.0 0.0 0.0 2.0 224.0 1.0 0
1.0 32.7476982728 9.13751698092 2.0 10.803159898 4.0 4.5779460663 1.0 0.0 0.0 0.6393680204 2.0 495.294535531 537.06319796 1
0.0 16.92 0.5 2.0 3.0 4.0 0.165 0.0 1.0 6.0 1.0 2.0 240.0 36.0 0
1.0 23.92 0.665 2.0 8.0 4.0 0.165 0.0 0.0 0.0 0.0 2.0 100.0 1.0 1
1.0 43.08 0.375 1.0 8.0 4.0 0.375 1.0 1.0 8.0 1.0 2.0 300.0 163.0 1
1.0 37.5 1.125 1.0 2.0 4.0 1.5 0.0 0.0 0.0 1.0 2.0 431.0 1.0 1
1.0 55.92 11.5 2.0 1.0 1.0 5.0 1.0 1.0 5.0 0.0 2.0 0.0 8852.0 1
1.0 17.5 22.0 3.0 1.0 7.0 0.0 0.0 0.0 0.0 1.0 3.0 450.0 100001.0 1
0.0 28.67 1.04 2.0 8.0 4.0 2.5 1.0 1.0 5.0 1.0 2.0 300.0 1431.0 1
0.0 56.83 4.25 1.0 1.0 1.0 5.0 0.0 0.0 0.0 1.0 2.0 0.0 5.0 0
1.0 40.58 3.29 2.0 7.0 4.0 3.5 0.0 0.0 0.0 1.0 1.0 400.0 1.0 0
1.0 48.17 7.625 2.0 9.0 8.0 15.5 1.0 1.0 12.0 0.0 2.0 0.0 791.0 1
1.0 22.08 11.46 2.0 4.0 4.0 1.585 0.0 0.0 0.0 1.0 2.0 100.0 1213.0 0
0.0 64.08 0.165 2.0 1.0 1.0 0.0 1.0 1.0 1.0 0.0 2.0 232.0 101.0 1
1.0 35.25 3.165 2.0 14.0 8.0 3.75 1.0 0.0 0.0 1.0 2.0 680.0 1.0 0
1.0 23.17 0.0 2.0 8.0 4.0 0.0 0.0 0.0 0.0 0.0 3.0 184.0 1.0 1
0.0 38.33 4.415 2.0 8.0 4.0 0.125 0.0 0.0 0.0 0.0 2.0 160.0 1.0 0
1.0 19.42 7.25 2.0 7.0 4.0 0.04 0.0 1.0 1.0 0.0 2.0 100.0 2.0 0
1.0 47.83 4.165 2.0 14.0 5.0 0.085 0.0 0.0 0.0 1.0 2.0 520.0 1.0 0
0.0 56.6664713988 11.2865023516 2.0 10.0 7.11974802612 1.88025197388 1.0 0.623949605224 8.73529447314 0.376050394776 2.0 0.0 3611.65544634 1
1.0 18.58 5.71 2.0 2.0 4.0 0.54 0.0 0.0 0.0 0.0 2.0 120.0 1.0 0
1.0 22.08 11.0 2.0 13.0 4.0 0.665 1.0 0.0 0.0 0.0 2.0 100.0 1.0 1
0.0 25.0 12.33 2.0 13.0 8.0 3.5 1.0 1.0 6.0 0.0 2.0 400.0 459.0 1
1.0 41.5 1.54 2.0 3.0 5.0 3.5 0.0 0.0 0.0 0.0 2.0 216.0 1.0 1
0.0 31.57 3.5 2.0 2.0 4.0 3.0 1.0 0.0 0.0 1.0 2.0 300.0 1.0 0
0.951891015423 22.3369019776 1.48764981916 2.0 8.28865390746 8.0 2.20926026581 0.0481089845767 0.0481089845767 0.0481089845767 0.951891015423 2.0 127.615128123 1.52919883034 1
1.0 23.25 4.0 2.0 8.0 5.0 0.25 1.0 0.0 0.0 1.0 2.0 160.0 1.0 1
0.0 49.0 1.5 2.0 5.0 3.0 0.0 1.0 0.0 0.0 1.0 2.0 100.0 28.0 0
1.0 17.42 6.5 2.0 3.0 4.0 0.125 0.0 0.0 0.0 0.0 2.0 60.0 101.0 0
0.0 28.58 3.75 2.0 8.0 4.0 0.25 0.0 1.0 1.0 1.0 2.0 40.0 155.0 0
1.0 21.92 0.5 2.0 8.0 4.0 0.125 0.0 0.0 0.0 0.0 2.0 360.0 1.0 0
1.0 36.33 3.79 2.0 9.0 4.0 1.165 1.0 0.0 0.0 1.0 2.0 200.0 1.0 0
1.0 38.2194481321 0.789095263587 1.62194481321 5.64638630751 8.0 3.20258937518 1.0 0.0 0.0 0.378055186788 2.0 397.353613692 1.0 1
1.0 22.33 11.0 2.0 9.0 4.0 2.0 1.0 1.0 1.0 0.0 2.0 80.0 279.0 1
1.0 41.75 0.96 2.0 14.0 4.0 2.5 1.0 0.0 0.0 0.0 2.0 510.0 601.0 1
1.0 19.67 0.375 2.0 11.0 4.0 2.0 1.0 1.0 2.0 1.0 2.0 80.0 1.0 1
1.0 20.0 0.0 2.0 2.0 4.0 0.5 0.0 0.0 0.0 0.0 2.0 144.0 1.0 0
0.951891015423 22.3369019776 1.48764981916 2.0 8.28865390746 8.0 2.20926026581 0.0481089845767 0.0481089845767 0.0481089845767 0.951891015423 2.0 127.615128123 1.52919883034 1
1.0 54.33 6.75 2.0 8.0 8.0 2.625 1.0 1.0 11.0 1.0 2.0 0.0 285.0 1
0.0 23.2263256373 2.81583383418 1.0 11.5810230882 4.77469745093 1.35474422795 1.0 1.0 2.38734872546 0.806325637268 2.0 64.5060509814 385.699725344 1
1.0 22.33 11.0 2.0 9.0 4.0 2.0 1.0 1.0 1.0 0.0 2.0 80.0 279.0 1
1.0 21.92 0.5 2.0 8.0 4.0 0.125 0.0 0.0 0.0 0.0 2.0 360.0 1.0 0
1.0 50.75 0.585 2.0 1.0 1.0 0.0 0.0 0.0 0.0 0.0 2.0 145.0 1.0 0
0.0 20.08 0.125 2.0 11.0 4.0 1.0 0.0 1.0 1.0 0.0 2.0 240.0 769.0 1
0.0 24.58 0.67 2.0 6.0 8.0 1.75 1.0 0.0 0.0 0.0 2.0 400.0 1.0 0
0.0 35.42 12.0 2.0 11.0 8.0 14.0 1.0 1.0 8.0 0.0 2.0 0.0 6591.0 1
1.0 22.08 11.0 2.0 13.0 4.0 0.665 1.0 0.0 0.0 0.0 2.0 100.0 1.0 1
0.0 22.67 0.79 2.0 3.0 4.0 0.085 0.0 0.0 0.0 0.0 2.0 144.0 1.0 0
0.0 30.25 5.5 2.0 4.0 4.0 5.5 0.0 0.0 0.0 1.0 1.0 100.0 1.0 0
1.0 25.08 1.71 2.0 14.0 4.0 1.665 1.0 1.0 1.0 1.0 2.0 395.0 21.0 1
1.0 38.67 0.21 2.0 4.0 4.0 0.085 1.0 0.0 0.0 1.0 2.0 280.0 1.0 1
1.0 19.67 0.375 2.0 11.0 4.0 2.0 1.0 1.0 2.0 1.0 2.0 80.0 1.0 1
1.0 21.92 0.5 2.0 8.0 4.0 0.125 0.0 0.0 0.0 0.0 2.0 360.0 1.0 0
1.0 36.17 18.125 2.0 9.0 4.0 0.085 0.0 0.0 0.0 0.0 2.0 320.0 3553.0 0
0.0 19.17 5.415 2.0 3.0 8.0 0.29 0.0 0.0 0.0 0.0 2.0 80.0 485.0 0
0.0 16.92 0.5 2.0 3.0 4.0 0.165 0.0 1.0 6.0 1.0 2.0 240.0 36.0 0
1.0 33.0 2.5 1.0 9.0 4.0 7.0 0.0 0.0 0.0 1.0 2.0 280.0 1.0 0
0.0 28.5 3.04 1.0 14.0 8.0 2.54 1.0 1.0 1.0 0.0 2.0 70.0 1.0 1
0.0 18.42 9.25 2.0 11.0 4.0 1.21 1.0 1.0 4.0 0.0 2.0 60.0 541.0 1
0.0 29.75 0.665 2.0 9.0 4.0 0.25 0.0 0.0 0.0 1.0 2.0 300.0 1.0 0
1.0 28.17 0.125 1.0 4.0 4.0 0.085 0.0 0.0 0.0 0.0 2.0 216.0 2101.0 0
1.0 31.67 16.165 2.0 2.0 4.0 3.0 1.0 1.0 9.0 0.0 2.0 250.0 731.0 1
0.429725714045 27.0650903989 3.57330428532 2.0 11.8513714298 6.28109714382 3.72193285555 1.0 0.429725714045 0.85945142809 0.429725714045 2.0 347.108228579 1.0 1
1.0 50.75 0.585 2.0 1.0 1.0 0.0 0.0 0.0 0.0 0.0 2.0 145.0 1.0 0
1.0 19.33 9.5 2.0 11.0 4.0 1.0 1.0 0.0 0.0 1.0 2.0 60.0 401.0 1
1.0 20.970890484 7.80627006678 2.0 6.87084671119 4.0 1.82257055927 1.0 1.0 1.35485888147 0.0 2.0 94.1943552587 286.806895392 1
1.0 27.67 13.75 2.0 9.0 4.0 5.75 1.0 0.0 0.0 1.0 2.0 487.0 501.0 1
1.0 43.25 3.0 2.0 11.0 8.0 6.0 1.0 1.0 11.0 0.0 2.0 80.0 1.0 1
1.0 19.0 0.0 1.0 1.0 1.0 0.0 0.0 1.0 4.0 0.0 2.0 45.0 2.0 0
1.0 48.25 25.085 2.0 9.0 4.0 1.75 1.0 1.0 3.0 0.0 2.0 120.0 15.0 1
0.0 58.67 4.46 2.0 11.0 8.0 3.04 1.0 1.0 6.0 0.0 2.0 43.0 561.0 1
0.0 68.67 15.0 2.0 10.0 9.0 0.0 1.0 1.0 14.0 0.0 2.0 0.0 3377.0 1
0.027316161794 17.7190392635 8.75866171055 2.0 6.05463232359 3.97268383821 1.39890164157 0.972683838206 0.0 0.0 1.0 1.97268383821 0.0 1.0 1
1.0 38.17 10.125 2.0 14.0 4.0 2.5 1.0 1.0 6.0 0.0 2.0 520.0 197.0 1
1.0 26.6011206188 1.5833426424 2.0 8.22222470464 4.77777529536 1.86112910864 1.0 0.22222470464 0.44444940928 0.22222470464 2.0 344.777730612 18.8888317933 1
1.0 39.33 5.875 2.0 13.0 8.0 10.0 1.0 1.0 14.0 1.0 2.0 399.0 1.0 1
1.0 33.17 1.0 2.0 14.0 4.0 0.75 1.0 1.0 7.0 1.0 2.0 340.0 4072.0 1
1.0 25.17 6.0 2.0 8.0 4.0 1.0 1.0 1.0 3.0 0.0 2.0 0.0 1.0 1
1.0 17.92 0.205 2.0 6.0 4.0 0.04 0.0 0.0 0.0 0.0 2.0 280.0 751.0 0
0.0 25.42 1.125 2.0 11.0 4.0 1.29 1.0 1.0 2.0 0.0 2.0 200.0 1.0 0
1.0 19.67 10.0 1.0 4.0 8.0 0.835 1.0 0.0 0.0 1.0 2.0 140.0 1.0 0
1.0 31.57 0.625 2.0 4.0 4.0 0.25 0.0 0.0 0.0 0.0 2.0 380.0 2011.0 0
1.0 21.17 0.0 2.0 8.0 4.0 0.5 0.0 0.0 0.0 1.0 1.0 0.0 1.0 0
0.85536823952 28.4705768144 1.7655279042 2.0 8.43389528144 4.0 1.67189884934 1.0 1.0 9.98757767664 0.0 2.0 36.0496892934 541.0 1
1.0 38.92 1.75 2.0 4.0 4.0 0.5 0.0 0.0 0.0 1.0 2.0 300.0 3.0 0
0.0 19.17 5.415 2.0 3.0 8.0 0.29 0.0 0.0 0.0 0.0 2.0 80.0 485.0 0
1.0 23.33 1.5 2.0 8.0 8.0 1.415 1.0 0.0 0.0 0.0 2.0 422.0 201.0 1
1.0 16.0 3.125 2.0 9.0 4.0 0.085 0.0 1.0 1.0 0.0 2.0 0.0 7.0 0
0.0 44.33 0.0 2.0 8.0 4.0 2.5 1.0 0.0 0.0 0.0 2.0 0.0 1.0 1
1.0 26.17 0.25 2.0 3.0 5.0 0.0 1.0 0.0 0.0 1.0 2.0 0.0 1.0 1
1.0 21.17 0.875 1.0 8.0 8.0 0.25 0.0 0.0 0.0 0.0 2.0 280.0 205.0 0
1.0 26.0 1.0 2.0 11.0 4.0 1.75 1.0 0.0 0.0 1.0 2.0 280.0 1.0 1
1.0 21.5 9.75 2.0 8.0 4.0 0.25 1.0 0.0 0.0 0.0 2.0 140.0 1.0 0
1.0 32.42 3.0 2.0 2.0 4.0 0.165 0.0 0.0 0.0 1.0 2.0 120.0 1.0 0
1.0 43.25 3.0 2.0 11.0 8.0 6.0 1.0 1.0 11.0 0.0 2.0 80.0 1.0 1
1.0 41.33 0.0 2.0 8.0 5.0 15.0 1.0 0.0 0.0 0.0 2.0 0.0 1.0 1
1.0 17.92 0.205 2.0 6.0 4.0 0.04 0.0 0.0 0.0 0.0 2.0 280.0 751.0 0
0.0 64.08 0.165 2.0 1.0 1.0 0.0 1.0 1.0 1.0 0.0 2.0 232.0 101.0 1
1.0 54.83 15.5 2.0 10.0 9.0 0.0 1.0 1.0 20.0 0.0 2.0 152.0 131.0 0
1.0 56.58 18.5 2.0 2.0 5.0 15.0 1.0 1.0 17.0 1.0 2.0 0.0 1.0 1
1.0 35.75 2.415 2.0 9.0 4.0 0.125 0.0 1.0 2.0 0.0 2.0 220.0 2.0 0
1.0 67.75 5.5 2.0 10.0 9.0 13.0 1.0 1.0 1.0 1.0 2.0 0.0 1.0 1
0.863641315089 24.2945500099 11.8802437858 2.0 11.0 7.45456526035 2.52792030616 1.0 0.136358684911 0.681793424556 1.0 2.0 120.0 1.0 1
1.0 18.83 0.415 1.0 8.0 4.0 0.165 0.0 1.0 1.0 0.0 2.0 200.0 2.0 0
1.0 31.57 4.0 1.0 3.0 4.0 0.085 0.0 0.0 0.0 1.0 2.0 411.0 1.0 0
1.0 20.0 1.25 1.0 4.0 4.0 0.125 0.0 0.0 0.0 0.0 2.0 140.0 5.0 0
0.0 26.92 13.5 2.0 11.0 8.0 5.0 1.0 1.0 2.0 0.0 2.0 0.0 5001.0 1
0.0 24.58 0.67 2.0 6.0 8.0 1.75 1.0 0.0 0.0 0.0 2.0 400.0 1.0 0
1.0 21.83 1.54 2.0 4.0 4.0 0.085 0.0 0.0 0.0 1.0 2.0 356.0 1.0 0
1.0 27.58 2.04 1.0 6.0 4.0 2.0 1.0 1.0 3.0 1.0 2.0 370.0 561.0 1
1.0 40.58 5.0 2.0 8.0 4.0 5.0 1.0 1.0 7.0 0.0 2.0 0.0 3066.0 1
1.0 21.92 0.5 2.0 8.0 4.0 0.125 0.0 0.0 0.0 0.0 2.0 360.0 1.0 0
0.0 19.17 0.585 1.0 6.0 4.0 0.585 1.0 0.0 0.0 1.0 2.0 160.0 1.0 0
1.0 31.08 1.5 1.0 9.0 4.0 0.04 0.0 0.0 0.0 0.0 1.0 160.0 1.0 0
1.0 19.17 9.5 2.0 9.0 4.0 1.5 1.0 0.0 0.0 0.0 2.0 120.0 2207.0 1
1.0 48.25 25.085 2.0 9.0 4.0 1.75 1.0 1.0 3.0 0.0 2.0 120.0 15.0 1
0.0 41.58 1.04 2.0 6.0 4.0 0.665 0.0 0.0 0.0 0.0 2.0 240.0 238.0 0
0.0 25.17 2.875 2.0 14.0 8.0 0.875 1.0 0.0 0.0 0.0 2.0 360.0 1.0 1
1.0 25.9305500201 1.10436083845 1.5518283432 8.0 4.0 0.608201876327 1.0 1.0 6.1036566864 1.0 2.0 124.682986035 5417.65609189 1
1.0 45.0 8.5 2.0 13.0 8.0 14.0 1.0 1.0 1.0 1.0 2.0 88.0 2001.0 1
1.0 29.5 0.58 2.0 9.0 4.0 0.29 0.0 1.0 1.0 0.0 2.0 340.0 2804.0 0
1.0 19.5 9.585 2.0 6.0 4.0 0.79 0.0 0.0 0.0 0.0 2.0 80.0 351.0 0
1.0 38.42 0.705 2.0 8.0 4.0 0.375 0.0 1.0 2.0 0.0 2.0 225.0 501.0 0
0.0 28.58 3.75 2.0 8.0 4.0 0.25 0.0 1.0 1.0 1.0 2.0 40.0 155.0 0
0.0 60.92 5.0 2.0 6.0 4.0 4.0 1.0 1.0 4.0 0.0 2.0 0.0 100.0 1
1.0 21.33 7.5 2.0 6.0 4.0 1.415 1.0 1.0 1.0 0.0 2.0 80.0 9801.0 1
1.0 20.42 7.0 2.0 8.0 4.0 1.625 1.0 1.0 3.0 0.0 2.0 200.0 1392.0 1
0.0 26.17 2.0 2.0 5.0 3.0 0.0 0.0 0.0 0.0 1.0 2.0 276.0 2.0 0
1.0 19.5 0.29 2.0 4.0 4.0 0.29 0.0 0.0 0.0 0.0 2.0 280.0 365.0 0
0.0 56.6664713988 11.2865023516 2.0 10.0 7.11974802612 1.88025197388 1.0 0.623949605224 8.73529447314 0.376050394776 2.0 0.0 3611.65544634 1
0.0 58.67 4.46 2.0 11.0 8.0 3.04 1.0 1.0 6.0 0.0 2.0 43.0 561.0 1
0.0 29.58 1.75 1.0 4.0 4.0 1.25 0.0 0.0 0.0 1.0 2.0 280.0 1.0 0
0.0 25.0 0.875 2.0 14.0 8.0 1.04 1.0 0.0 0.0 1.0 2.0 160.0 5861.0 1
1.0 42.5 4.915 1.0 9.0 4.0 3.165 1.0 0.0 0.0 1.0 2.0 52.0 1443.0 1
1.0 25.67 3.25 2.0 8.0 8.0 2.29 0.0 1.0 1.0 1.0 2.0 416.0 22.0 0
0.0 35.75 0.915 2.0 6.0 4.0 0.75 1.0 1.0 4.0 0.0 2.0 0.0 1584.0 1
0.0 24.58 0.67 2.0 6.0 8.0 1.75 1.0 0.0 0.0 0.0 2.0 400.0 1.0 0
1.0 16.17 0.04 2.0 8.0 4.0 0.04 0.0 0.0 0.0 0.0 2.0 0.0 1.0 1
0.0 27.58 3.0 2.0 7.0 4.0 2.79 0.0 1.0 1.0 1.0 2.0 280.0 11.0 0
0.0 19.17 0.585 1.0 6.0 4.0 0.585 1.0 0.0 0.0 1.0 2.0 160.0 1.0 0
0.0 51.92 6.5 2.0 3.0 5.0 3.085 0.0 0.0 0.0 1.0 2.0 73.0 1.0 0
0.0 25.58 0.0 2.0 8.0 4.0 0.0 0.0 0.0 0.0 0.0 3.0 184.0 1.0 1
1.0 55.92 11.5 2.0 1.0 1.0 5.0 1.0 1.0 5.0 0.0 2.0 0.0 8852.0 1
0.0 56.5 16.0 2.0 5.0 1.0 0.0 1.0 1.0 15.0 0.0 2.0 0.0 248.0 1
0.0 22.25 1.25 1.0 1.0 1.0 3.25 0.0 0.0 0.0 0.0 2.0 280.0 1.0 0
0.0 46.08 3.0 2.0 8.0 4.0 2.375 1.0 1.0 8.0 1.0 2.0 396.0 4160.0 1
1.0 27.25 1.665 2.0 13.0 8.0 5.085 1.0 1.0 9.0 0.0 2.0 399.0 828.0 1
1.0 23.08 2.5 2.0 8.0 4.0 1.085 1.0 1.0 11.0 1.0 2.0 60.0 2185.0 1
0.0 52.17 0.0 1.0 1.0 1.0 0.0 0.0 0.0 0.0 0.0 2.0 0.0 1.0 0
1.0 51.42 0.04 2.0 14.0 8.0 0.04 1.0 0.0 0.0 0.0 2.0 0.0 3001.0 1
0.0 22.58 10.75 2.0 11.0 4.0 0.415 1.0 1.0 5.0 1.0 2.0 0.0 561.0 1
1.0 26.67 2.71 1.0 13.0 4.0 5.25 1.0 1.0 1.0 0.0 2.0 211.0 1.0 1
1.0 21.33 7.5 2.0 6.0 4.0 1.415 1.0 1.0 1.0 0.0 2.0 80.0 9801.0 1
1.0 23.92 0.665 2.0 8.0 4.0 0.165 0.0 0.0 0.0 0.0 2.0 100.0 1.0 1
1.0 25.17 6.0 2.0 8.0 4.0 1.0 1.0 1.0 3.0 0.0 2.0 0.0 1.0 1
0.0 45.33 1.0 2.0 11.0 4.0 0.125 0.0 0.0 0.0 1.0 2.0 263.0 1.0 0
0.0 20.08 1.25 2.0 8.0 4.0 0.0 0.0 0.0 0.0 0.0 2.0 0.0 1.0 0
0.0 19.58 0.665 2.0 9.0 4.0 1.665 0.0 0.0 0.0 0.0 2.0 220.0 6.0 0
1.0 38.25 10.125 1.0 4.0 4.0 0.125 0.0 0.0 0.0 0.0 2.0 160.0 1.0 0
0.863641315089 24.2945500099 11.8802437858 2.0 11.0 7.45456526035 2.52792030616 1.0 0.136358684911 0.681793424556 1.0 2.0 120.0 1.0 1
1.0 41.17 1.335 2.0 2.0 4.0 0.165 0.0 0.0 0.0 0.0 2.0 168.0 1.0 0
1.0 19.5 0.29 2.0 4.0 4.0 0.29 0.0 0.0 0.0 0.0 2.0 280.0 365.0 0
1.0 34.8055484368 6.51628696152 2.0 8.0 4.67624471978 5.20497887913 1.0 1.0 16.3237552802 0.0 2.0 143.871688258 1210.35248944 1
1.0 54.3680854417 11.1200219153 2.0 8.65237461157 4.16845317355 9.73215085446 1.0 1.0 7.02143808264 0.168453173553 2.0 0.0 1.0 1
0.951891015423 22.3369019776 1.48764981916 2.0 8.28865390746 8.0 2.20926026581 0.0481089845767 0.0481089845767 0.0481089845767 0.951891015423 2.0 127.615128123 1.52919883034 1
0.0 20.08 1.25 2.0 8.0 4.0 0.0 0.0 0.0 0.0 0.0 2.0 0.0 1.0 0
0.0 20.83 0.5 1.0 10.0 2.0 1.0 0.0 0.0 0.0 0.0 2.0 260.0 1.0 0
1.0 32.42 3.0 2.0 2.0 4.0 0.165 0.0 0.0 0.0 1.0 2.0 120.0 1.0 0
1.0 33.2634740346 3.13739803007 2.0 9.71487763608 5.80991842406 5.05041563837 1.0 1.0 7.97727566616 1.0 2.0 397.357438818 1.0 1
1.0 27.83 4.0 1.0 3.0 8.0 5.75 1.0 1.0 2.0 1.0 2.0 75.0 1.0 0
1.0 27.25 0.625 2.0 6.0 4.0 0.455 1.0 0.0 0.0 1.0 2.0 200.0 1.0 0
0.0 23.5643075494 5.78325455492 2.0 10.5751333356 4.14162222147 2.78539544338 1.0 1.0 7.0 0.141622221467 2.0 110.730733431 3230.80853348 1
1.0 25.0 12.0 2.0 4.0 4.0 2.25 1.0 1.0 2.0 1.0 2.0 120.0 6.0 0
1.0 34.0 4.5 2.0 6.0 4.0 1.0 1.0 0.0 0.0 1.0 2.0 240.0 1.0 0
1.0 16.25 0.0 1.0 6.0 4.0 0.25 0.0 0.0 0.0 0.0 2.0 60.0 1.0 0
0.0 52.83 15.0 2.0 8.0 4.0 5.5 1.0 1.0 14.0 0.0 2.0 0.0 2201.0 1
1.0 27.25 1.665 2.0 13.0 8.0 5.085 1.0 1.0 9.0 0.0 2.0 399.0 828.0 1
0.0 25.33 2.085 2.0 8.0 8.0 2.75 1.0 0.0 0.0 1.0 2.0 360.0 2.0 0
1.0 34.17 9.17 2.0 8.0 4.0 4.5 1.0 1.0 12.0 1.0 2.0 0.0 222.0 1
1.0 26.92 2.25 2.0 3.0 5.0 0.5 0.0 0.0 0.0 1.0 2.0 640.0 4001.0 0
1.0 21.92 0.54 1.0 14.0 4.0 0.04 1.0 1.0 1.0 1.0 2.0 840.0 60.0 1
1.0 33.17 1.0 2.0 14.0 4.0 0.75 1.0 1.0 7.0 1.0 2.0 340.0 4072.0 1
1.0 20.67 0.415 2.0 8.0 4.0 0.125 0.0 0.0 0.0 0.0 2.0 0.0 45.0 0
1.0 21.5 11.5 2.0 3.0 4.0 0.5 1.0 0.0 0.0 1.0 2.0 100.0 69.0 0
1.0 25.0 11.25 2.0 8.0 4.0 2.5 1.0 1.0 17.0 0.0 2.0 200.0 1209.0 1
1.0 31.57 0.375 2.0 2.0 4.0 0.875 1.0 0.0 0.0 1.0 1.0 928.0 1.0 0
0.0 18.08 0.375 3.0 13.0 1.0 10.0 0.0 0.0 0.0 1.0 1.0 300.0 1.0 1
0.0 18.83 4.415 1.0 8.0 8.0 3.0 1.0 0.0 0.0 0.0 2.0 240.0 1.0 1
1.0 54.58 9.415 2.0 1.0 1.0 14.415 1.0 1.0 11.0 1.0 2.0 30.0 301.0 1
1.0 44.25 0.5 2.0 7.0 4.0 10.75 1.0 0.0 0.0 0.0 1.0 400.0 1.0 0
0.0 26.5 2.71 1.0 8.0 4.0 0.085 0.0 0.0 0.0 0.0 1.0 80.0 1.0 0
1.0 34.42 1.335 2.0 3.0 5.0 0.125 0.0 0.0 0.0 1.0 2.0 440.0 4501.0 0
0.0 38.75 1.5 2.0 1.0 1.0 0.0 0.0 0.0 0.0 0.0 2.0 76.0 1.0 0
1.0 19.33 10.915 2.0 8.0 5.0 0.585 0.0 1.0 2.0 1.0 2.0 200.0 8.0 0
1.0 30.17 1.085 1.0 8.0 4.0 0.04 0.0 0.0 0.0 0.0 2.0 170.0 180.0 0
1.0 30.17 0.5 2.0 8.0 4.0 1.75 1.0 1.0 11.0 0.0 2.0 32.0 541.0 1
1.0 23.08 2.5 2.0 8.0 4.0 1.085 1.0 1.0 11.0 1.0 2.0 60.0 2185.0 1
1.0 21.5 11.5 2.0 3.0 4.0 0.5 1.0 0.0 0.0 1.0 2.0 100.0 69.0 0
1.0 32.0 1.75 1.0 10.0 8.0 0.04 1.0 0.0 0.0 1.0 2.0 393.0 1.0 1
1.0 60.08 14.5 2.0 1.0 1.0 18.0 1.0 1.0 15.0 1.0 2.0 0.0 1001.0 1
1.0 36.25 5.0 2.0 8.0 5.0 2.5 1.0 1.0 6.0 0.0 2.0 0.0 368.0 1
1.0 20.3716597185 9.22296284082 2.0 10.8153085605 4.06156381315 1.09234571973 1.0 0.0615638131521 0.369382878912 0.938436186848 2.0 56.3061712109 398.968394166 1
0.0656890651583 20.9615472544 0.231744730882 2.0 11.1970671955 4.26275626063 1.22991172805 0.0656890651583 1.0 1.19706719547 0.0656890651583 2.0 240.853957847 774.846326799 1
0.0 33.25 3.0 1.0 6.0 4.0 2.0 0.0 0.0 0.0 0.0 2.0 180.0 1.0 0
1.0 41.17 1.335 2.0 2.0 4.0 0.165 0.0 0.0 0.0 0.0 2.0 168.0 1.0 0
0.0 22.42 11.25 1.0 14.0 8.0 0.75 1.0 1.0 4.0 0.0 2.0 0.0 322.0 1
1.0 41.17 4.04 2.0 13.0 8.0 7.0 1.0 1.0 8.0 0.0 2.0 320.0 1.0 1
0.429725714045 27.0650903989 3.57330428532 2.0 11.8513714298 6.28109714382 3.72193285555 1.0 0.429725714045 0.85945142809 0.429725714045 2.0 347.108228579 1.0 1
0.0 30.67 12.0 2.0 8.0 4.0 2.0 1.0 1.0 1.0 0.0 2.0 220.0 20.0 1
1.0 39.5 4.25 2.0 8.0 5.0 6.5 1.0 1.0 16.0 0.0 2.0 117.0 1211.0 1
1.0 29.42 1.25 2.0 8.0 8.0 0.25 0.0 1.0 2.0 1.0 2.0 400.0 109.0 0
1.0 47.67 0.29 2.0 8.0 5.0 15.0 1.0 1.0 20.0 0.0 2.0 0.0 15001.0 1
1.0 30.33 0.5 2.0 2.0 8.0 0.085 0.0 0.0 0.0 1.0 1.0 252.0 1.0 0
1.0 42.75 4.085 2.0 6.0 4.0 0.04 0.0 0.0 0.0 0.0 2.0 108.0 101.0 0
0.0 19.17 0.585 1.0 6.0 4.0 0.585 1.0 0.0 0.0 1.0 2.0 160.0 1.0 0
1.0 48.17 7.625 2.0 9.0 8.0 15.5 1.0 1.0 12.0 0.0 2.0 0.0 791.0 1
1.0 34.42 4.25 2.0 3.0 5.0 3.25 1.0 1.0 2.0 0.0 2.0 274.0 611.0 1
1.0 63.33 0.54 2.0 8.0 4.0 0.585 1.0 1.0 3.0 1.0 2.0 180.0 1.0 0
1.0 20.67 0.835 1.0 8.0 4.0 2.0 0.0 0.0 0.0 1.0 1.0 240.0 1.0 0
1.0 34.42 1.335 2.0 3.0 5.0 0.125 0.0 0.0 0.0 1.0 2.0 440.0 4501.0 0
0.0 45.33 1.0 2.0 11.0 4.0 0.125 0.0 0.0 0.0 1.0 2.0 263.0 1.0 0
1.0 54.58 9.415 2.0 1.0 1.0 14.415 1.0 1.0 11.0 1.0 2.0 30.0 301.0 1
1.0 32.0 1.75 1.0 10.0 8.0 0.04 1.0 0.0 0.0 1.0 2.0 393.0 1.0 1
1.0 19.33 9.5 2.0 11.0 4.0 1.0 1.0 0.0 0.0 1.0 2.0 60.0 401.0 1
0.0 22.92 11.585 2.0 13.0 4.0 0.04 1.0 0.0 0.0 0.0 2.0 80.0 1350.0 1
0.981972857879 37.9461028949 9.95148875709 2.0 13.8918371473 4.07210856848 2.47070589405 1.0 0.981972857879 5.89183714728 0.0180271421207 2.0 519.477212878 193.466680144 1
0.0 18.92 9.0 2.0 6.0 4.0 0.75 1.0 1.0 2.0 0.0 2.0 88.0 592.0 1
0.0 38.25 6.0 2.0 4.0 4.0 1.0 1.0 0.0 0.0 1.0 2.0 0.0 1.0 1
0.0 21.75 1.75 1.0 5.0 3.0 0.0 0.0 0.0 0.0 0.0 2.0 160.0 1.0 0
0.0 64.08 0.165 2.0 1.0 1.0 0.0 1.0 1.0 1.0 0.0 2.0 232.0 101.0 1
1.0 31.08 1.5 1.0 9.0 4.0 0.04 0.0 0.0 0.0 0.0 1.0 160.0 1.0 0
1.0 32.67 9.0 1.0 9.0 8.0 5.25 1.0 0.0 0.0 1.0 2.0 154.0 1.0 1
1.0 28.33 5.0 2.0 9.0 4.0 11.0 1.0 0.0 0.0 1.0 2.0 70.0 1.0 1
1.0 21.5 9.75 2.0 8.0 4.0 0.25 1.0 0.0 0.0 0.0 2.0 140.0 1.0 0
0.573034372586 30.4059492399 6.12639768099 1.42696562741 9.28089688224 5.70786250966 6.55055315638 1.0 1.0 6.28089688224 0.573034372586 2.0 91.6854996138 6125.12305509 1
1.0 41.17 1.335 2.0 2.0 4.0 0.165 0.0 0.0 0.0 0.0 2.0 168.0 1.0 0
0.0 19.58 0.665 2.0 9.0 4.0 1.665 0.0 0.0 0.0 0.0 2.0 220.0 6.0 0
0.0 23.5643075494 5.78325455492 2.0 10.5751333356 4.14162222147 2.78539544338 1.0 1.0 7.0 0.141622221467 2.0 110.730733431 3230.80853348 1
1.0 31.83 0.04 1.0 7.0 4.0 0.04 0.0 0.0 0.0 0.0 2.0 0.0 1.0 0
1.0 36.33 3.79 2.0 9.0 4.0 1.165 1.0 0.0 0.0 1.0 2.0 200.0 1.0 0
1.0 33.5 1.75 2.0 14.0 8.0 4.5 1.0 1.0 4.0 1.0 2.0 253.0 858.0 1
1.0 21.17 0.875 1.0 8.0 8.0 0.25 0.0 0.0 0.0 0.0 2.0 280.0 205.0 0
1.0 49.5 7.585 2.0 3.0 5.0 7.585 1.0 1.0 15.0 1.0 2.0 0.0 5001.0 1
0.0 47.0 13.0 2.0 3.0 5.0 5.165 1.0 1.0 9.0 1.0 2.0 0.0 1.0 1
1.0 19.0 0.0 1.0 1.0 1.0 0.0 0.0 1.0 4.0 0.0 2.0 45.0 2.0 0
1.0 22.08 2.335 2.0 4.0 4.0 0.75 0.0 0.0 0.0 0.0 2.0 180.0 1.0 0
1.0 33.5 1.75 2.0 14.0 8.0 4.5 1.0 1.0 4.0 1.0 2.0 253.0 858.0 1
0.0 45.33 1.0 2.0 11.0 4.0 0.125 0.0 0.0 0.0 1.0 2.0 263.0 1.0 0
1.0 49.17 2.29 2.0 1.0 1.0 0.29 0.0 0.0 0.0 0.0 2.0 200.0 4.0 0
1.0 20.67 0.835 1.0 8.0 4.0 2.0 0.0 0.0 0.0 1.0 1.0 240.0 1.0 0
1.0 27.75 0.585 1.0 13.0 4.0 0.25 1.0 1.0 2.0 0.0 2.0 260.0 501.0 1
0.0 58.67 4.46 2.0 11.0 8.0 3.04 1.0 1.0 6.0 0.0 2.0 43.0 561.0 1
0.0 17.67 0.0 1.0 5.0 1.0 0.0 0.0 0.0 0.0 0.0 2.0 86.0 1.0 0
0.0 45.83 10.5 2.0 11.0 4.0 5.0 1.0 1.0 7.0 1.0 2.0 0.0 1.0 1
0.0 31.57 1.5 2.0 1.0 1.0 0.0 0.0 1.0 2.0 1.0 2.0 200.0 106.0 0
1.0 26.17 0.25 2.0 3.0 5.0 0.0 1.0 0.0 0.0 1.0 2.0 0.0 1.0 1
1.0 20.0 1.25 1.0 4.0 4.0 0.125 0.0 0.0 0.0 0.0 2.0 140.0 5.0 0
1.0 35.17 25.125 2.0 14.0 8.0 1.625 1.0 1.0 1.0 1.0 2.0 515.0 501.0 1
1.0 17.67 4.46 2.0 8.0 4.0 0.25 0.0 0.0 0.0 0.0 1.0 80.0 1.0 0
0.0 26.5 2.71 1.0 8.0 4.0 0.085 0.0 0.0 0.0 0.0 1.0 80.0 1.0 0
1.0 19.5 0.29 2.0 4.0 4.0 0.29 0.0 0.0 0.0 0.0 2.0 280.0 365.0 0
1.0 32.42 3.0 2.0 2.0 4.0 0.165 0.0 0.0 0.0 1.0 2.0 120.0 1.0 0
1.0 35.17 2.5 2.0 4.0 4.0 4.5 1.0 1.0 7.0 0.0 2.0 150.0 1271.0 1
0.0 24.92 1.25 2.0 1.0 1.0 0.0 1.0 0.0 0.0 0.0 2.0 80.0 1.0 0
1.0 36.33 3.79 2.0 9.0 4.0 1.165 1.0 0.0 0.0 1.0 2.0 200.0 1.0 0
1.0 27.75 1.29 2.0 4.0 8.0 0.25 0.0 0.0 0.0 1.0 1.0 140.0 1.0 0
0.302746479051 20.3809859162 9.35397605679 2.0 13.3027464791 8.0 0.662203521075 1.0 1.0 5.18352112569 0.0 2.0 97.2109859162 1.0 1
1.0 18.83 0.0 2.0 11.0 4.0 0.665 0.0 0.0 0.0 0.0 2.0 160.0 2.0 0
0.0 40.83 10.0 2.0 11.0 8.0 1.75 1.0 0.0 0.0 0.0 2.0 29.0 838.0 1
0.0 29.58 1.75 1.0 4.0 4.0 1.25 0.0 0.0 0.0 1.0 2.0 280.0 1.0 0
0.0 25.33 2.085 2.0 8.0 8.0 2.75 1.0 0.0 0.0 1.0 2.0 360.0 2.0 0
0.0 28.58 1.665 2.0 11.0 4.0 2.415 1.0 0.0 0.0 1.0 2.0 440.0 1.0 0
1.0 19.67 0.375 2.0 11.0 4.0 2.0 1.0 1.0 2.0 1.0 2.0 80.0 1.0 1
1.0 51.83 3.0 1.0 1.0 1.0 1.5 0.0 0.0 0.0 0.0 2.0 180.0 5.0 0
0.0 20.83 0.5 1.0 10.0 2.0 1.0 0.0 0.0 0.0 0.0 2.0 260.0 1.0 0
1.0 35.75 2.415 2.0 9.0 4.0 0.125 0.0 1.0 2.0 0.0 2.0 220.0 2.0 0
0.0 24.5 12.75 2.0 8.0 5.0 4.75 1.0 1.0 2.0 0.0 2.0 73.0 445.0 1
1.0 51.58 15.0 2.0 8.0 4.0 8.5 1.0 1.0 9.0 0.0 2.0 0.0 1.0 1
0.0 17.67 0.0 1.0 5.0 1.0 0.0 0.0 0.0 0.0 0.0 2.0 86.0 1.0 0
1.0 22.25 9.0 2.0 6.0 4.0 0.085 0.0 0.0 0.0 0.0 2.0 0.0 1.0 0
0.0 30.67 12.0 2.0 8.0 4.0 2.0 1.0 1.0 1.0 0.0 2.0 220.0 20.0 1
1.0 25.67 2.21 1.0 6.0 4.0 4.0 1.0 0.0 0.0 0.0 2.0 188.0 1.0 0
0.0 44.17 6.665 2.0 11.0 4.0 7.375 1.0 1.0 3.0 1.0 2.0 0.0 1.0 1
1.0 36.42 0.75 1.0 2.0 4.0 0.585 0.0 0.0 0.0 0.0 2.0 240.0 4.0 0
1.0 41.17 4.04 2.0 13.0 8.0 7.0 1.0 1.0 8.0 0.0 2.0 320.0 1.0 1
1.0 21.83 11.0 2.0 14.0 4.0 0.29 1.0 1.0 6.0 0.0 2.0 121.0 1.0 1
1.0 18.83 0.0 2.0 11.0 4.0 0.665 0.0 0.0 0.0 0.0 2.0 160.0 2.0 0
1.0 28.92 0.375 2.0 8.0 4.0 0.29 0.0 0.0 0.0 0.0 2.0 220.0 141.0 0
1.0 34.8055484368 6.51628696152 2.0 8.0 4.67624471978 5.20497887913 1.0 1.0 16.3237552802 0.0 2.0 143.871688258 1210.35248944 1
0.0 25.25 13.5 1.0 1.0 1.0 2.0 0.0 1.0 1.0 1.0 2.0 200.0 2.0 0
0.0 31.57 3.5 2.0 2.0 4.0 3.0 1.0 0.0 0.0 1.0 2.0 300.0 1.0 0
1.0 26.75 4.5 1.0 8.0 5.0 2.5 0.0 0.0 0.0 0.0 2.0 200.0 1211.0 0
1.0 26.25 1.54 2.0 9.0 4.0 0.125 0.0 0.0 0.0 0.0 2.0 100.0 1.0 0
0.951891015423 22.3369019776 1.48764981916 2.0 8.28865390746 8.0 2.20926026581 0.0481089845767 0.0481089845767 0.0481089845767 0.951891015423 2.0 127.615128123 1.52919883034 1
1.0 20.42 7.0 2.0 8.0 4.0 1.625 1.0 1.0 3.0 0.0 2.0 200.0 1392.0 1
0.0 28.5 3.04 1.0 14.0 8.0 2.54 1.0 1.0 1.0 0.0 2.0 70.0 1.0 1
0.0 18.83 4.415 1.0 8.0 8.0 3.0 1.0 0.0 0.0 0.0 2.0 240.0 1.0 1
0.0 20.42 7.5 2.0 4.0 4.0 1.5 1.0 1.0 1.0 0.0 2.0 160.0 235.0 1
1.0 21.5 9.75 2.0 8.0 4.0 0.25 1.0 0.0 0.0 0.0 2.0 140.0 1.0 0
1.0 34.25 1.75 2.0 9.0 5.0 0.25 1.0 0.0 0.0 1.0 2.0 163.0 1.0 0
0.0 25.58 0.0 2.0 8.0 4.0 0.0 0.0 0.0 0.0 0.0 3.0 184.0 1.0 1
1.0 20.0 1.25 1.0 4.0 4.0 0.125 0.0 0.0 0.0 0.0 2.0 140.0 5.0 0
1.0 24.33 6.625 1.0 2.0 4.0 5.5 1.0 0.0 0.0 1.0 1.0 100.0 1.0 1
1.0 23.5 3.165 1.0 4.0 4.0 0.415 0.0 1.0 1.0 1.0 2.0 280.0 81.0 0
0.0 22.92 1.25 2.0 11.0 4.0 0.25 0.0 0.0 0.0 1.0 2.0 120.0 810.0 0
1.0 54.83 15.5 2.0 10.0 9.0 0.0 1.0 1.0 20.0 0.0 2.0 152.0 131.0 0
1.0 35.0 3.375 2.0 8.0 8.0 8.29 0.0 0.0 0.0 1.0 2.0 0.0 1.0 0
1.0 56.58 18.5 2.0 2.0 5.0 15.0 1.0 1.0 17.0 1.0 2.0 0.0 1.0 1
1.0 37.5 1.125 1.0 2.0 4.0 1.5 0.0 0.0 0.0 1.0 2.0 431.0 1.0 1
1.0 41.17 4.04 2.0 13.0 8.0 7.0 1.0 1.0 8.0 0.0 2.0 320.0 1.0 1
0.027316161794 17.7190392635 8.75866171055 2.0 6.05463232359 3.97268383821 1.39890164157 0.972683838206 0.0 0.0 1.0 1.97268383821 0.0 1.0 1
1.0 54.3680854417 11.1200219153 2.0 8.65237461157 4.16845317355 9.73215085446 1.0 1.0 7.02143808264 0.168453173553 2.0 0.0 1.0 1
1.0 64.08 20.0 2.0 14.0 8.0 17.5 1.0 1.0 9.0 1.0 2.0 0.0 1001.0 1
1.0 29.92 1.835 2.0 8.0 8.0 4.335 1.0 0.0 0.0 0.0 2.0 260.0 201.0 1
0.0 16.92 0.5 2.0 3.0 4.0 0.165 0.0 1.0 6.0 1.0 2.0 240.0 36.0 0
1.0 24.33 6.625 1.0 2.0 4.0 5.5 1.0 0.0 0.0 1.0 1.0 100.0 1.0 1
1.0 31.67 0.83 2.0 14.0 4.0 1.335 1.0 1.0 8.0 1.0 2.0 303.0 3291.0 1
1.0 20.0 7.0 2.0 8.0 4.0 0.5 0.0 0.0 0.0 0.0 2.0 0.0 1.0 0
0.0 20.42 7.5 2.0 4.0 4.0 1.5 1.0 1.0 1.0 0.0 2.0 160.0 235.0 1
1.0 32.33 3.5 2.0 4.0 4.0 0.5 0.0 0.0 0.0 1.0 2.0 232.0 1.0 0
0.0 20.08 1.25 2.0 8.0 4.0 0.0 0.0 0.0 0.0 0.0 2.0 0.0 1.0 0
0.0 46.08 3.0 2.0 8.0 4.0 2.375 1.0 1.0 8.0 1.0 2.0 396.0 4160.0 1
1.0 28.58 3.625 2.0 6.0 4.0 0.25 0.0 0.0 0.0 1.0 2.0 100.0 1.0 0
0.0 47.42 3.0 2.0 14.0 4.0 13.875 1.0 1.0 2.0 1.0 2.0 519.0 1705.0 1
1.0 32.83 2.5 2.0 13.0 8.0 2.75 1.0 1.0 6.0 0.0 2.0 160.0 2073.0 1
0.571186140662 36.0920257979 2.21483878354 2.0 8.71525543735 4.57118614066 2.32204224837 1.0 1.0 8.99830298463 0.571186140662 2.0 328.525366726 2507.99830298 1
1.0 22.08 0.83 2.0 8.0 8.0 2.165 0.0 0.0 0.0 1.0 2.0 128.0 1.0 1
0.0 47.75 8.0 2.0 8.0 4.0 7.875 1.0 1.0 6.0 1.0 2.0 0.0 1261.0 1
0.0 49.0 1.5 2.0 5.0 3.0 0.0 1.0 0.0 0.0 1.0 2.0 100.0 28.0 0
1.0 58.58 2.71 2.0 8.0 4.0 2.415 0.0 0.0 0.0 1.0 2.0 320.0 1.0 0
1.0 39.42 1.71 1.0 7.0 4.0 0.165 0.0 0.0 0.0 0.0 1.0 400.0 1.0 0
1.0 24.17 0.875 2.0 11.0 4.0 4.625 1.0 1.0 2.0 1.0 2.0 520.0 2001.0 1
1.0 34.8055484368 6.51628696152 2.0 8.0 4.67624471978 5.20497887913 1.0 1.0 16.3237552802 0.0 2.0 143.871688258 1210.35248944 1
1.0 27.67 13.75 2.0 9.0 4.0 5.75 1.0 0.0 0.0 1.0 2.0 487.0 501.0 1
1.0 21.42 0.75 1.0 12.0 7.0 0.75 0.0 0.0 0.0 1.0 2.0 132.0 3.0 0
1.0 31.57 10.5 2.0 14.0 4.0 6.5 1.0 0.0 0.0 0.0 2.0 0.0 1.0 1
1.0 24.4699277825 2.80788100017 2.0 8.07586639903 4.61478079944 1.78336159155 1.0 1.0 1.46108559958 0.153695199861 2.0 258.924133601 809.760626392 1
1.0 17.58 10.0 2.0 9.0 8.0 0.165 0.0 1.0 1.0 0.0 2.0 120.0 2.0 0
0.0 23.5643075494 5.78325455492 2.0 10.5751333356 4.14162222147 2.78539544338 1.0 1.0 7.0 0.141622221467 2.0 110.730733431 3230.80853348 1
1.0 43.25 3.0 2.0 11.0 8.0 6.0 1.0 1.0 11.0 0.0 2.0 80.0 1.0 1
1.0 23.92 0.665 2.0 8.0 4.0 0.165 0.0 0.0 0.0 0.0 2.0 100.0 1.0 1
1.0 54.3680854417 11.1200219153 2.0 8.65237461157 4.16845317355 9.73215085446 1.0 1.0 7.02143808264 0.168453173553 2.0 0.0 1.0 1
1.0 20.17 5.625 2.0 9.0 4.0 1.71 1.0 0.0 0.0 0.0 1.0 120.0 1.0 1
1.0 31.08 3.085 2.0 8.0 4.0 2.5 0.0 1.0 2.0 1.0 2.0 160.0 42.0 0
1.0 34.25 3.0 2.0 13.0 8.0 7.415 1.0 0.0 0.0 1.0 2.0 0.0 1.0 1
1.0 20.0 7.0 2.0 8.0 4.0 0.5 0.0 0.0 0.0 0.0 2.0 0.0 1.0 0
1.0 22.08 11.0 2.0 13.0 4.0 0.665 1.0 0.0 0.0 0.0 2.0 100.0 1.0 1
0.0 40.33 7.54 1.0 11.0 8.0 8.0 1.0 1.0 14.0 0.0 2.0 0.0 2301.0 1
1.0 29.58 4.5 2.0 9.0 4.0 7.5 1.0 1.0 2.0 1.0 2.0 330.0 1.0 1
1.0 58.58 2.71 2.0 8.0 4.0 2.415 0.0 0.0 0.0 1.0 2.0 320.0 1.0 0
1.0 36.33 3.79 2.0 9.0 4.0 1.165 1.0 0.0 0.0 1.0 2.0 200.0 1.0 0
1.0 21.44364378 7.4014131246 2.0 6.14339909149 4.07169954575 1.40756117213 1.0 1.0 1.05377465931 0.0 2.0 81.0754931862 9760.5614562 1
1.0 25.67 3.25 2.0 8.0 8.0 2.29 0.0 1.0 1.0 1.0 2.0 416.0 22.0 0
1.0 24.33 6.625 1.0 2.0 4.0 5.5 1.0 0.0 0.0 1.0 1.0 100.0 1.0 1
1.0 26.67 1.75 1.0 8.0 4.0 1.0 1.0 1.0 5.0 1.0 2.0 160.0 5778.0 1
1.0 31.58 0.75 1.0 6.0 4.0 3.5 0.0 0.0 0.0 1.0 2.0 320.0 1.0 0
1.0 41.75 0.96 2.0 14.0 4.0 2.5 1.0 0.0 0.0 0.0 2.0 510.0 601.0 1
1.0 50.75 0.585 2.0 1.0 1.0 0.0 0.0 0.0 0.0 0.0 2.0 145.0 1.0 0
1.0 47.67 2.5 2.0 7.0 5.0 2.5 1.0 1.0 12.0 1.0 2.0 410.0 2511.0 1
1.0 60.08 14.5 2.0 1.0 1.0 18.0 1.0 1.0 15.0 1.0 2.0 0.0 1001.0 1
1.0 32.92 2.5 2.0 6.0 4.0 1.75 0.0 1.0 2.0 1.0 2.0 720.0 1.0 0
1.0 41.75 0.96 2.0 14.0 4.0 2.5 1.0 0.0 0.0 0.0 2.0 510.0 601.0 1
1.0 28.0 3.0 2.0 9.0 4.0 0.75 0.0 0.0 0.0 1.0 2.0 300.0 68.0 0
1.0 24.42 12.335 2.0 11.0 8.0 1.585 1.0 0.0 0.0 1.0 2.0 120.0 1.0 1
1.0 21.83 0.25 2.0 2.0 8.0 0.665 1.0 0.0 0.0 1.0 2.0 0.0 1.0 1
1.0 22.33 11.0 2.0 9.0 4.0 2.0 1.0 1.0 1.0 0.0 2.0 80.0 279.0 1
0.573034372586 30.4059492399 6.12639768099 1.42696562741 9.28089688224 5.70786250966 6.55055315638 1.0 1.0 6.28089688224 0.573034372586 2.0 91.6854996138 6125.12305509 1
0.0 21.75 1.75 1.0 5.0 3.0 0.0 0.0 0.0 0.0 0.0 2.0 160.0 1.0 0
1.0 34.83 2.5 1.0 9.0 4.0 3.0 0.0 0.0 0.0 0.0 1.0 200.0 1.0 0
0.0 22.92 11.585 2.0 13.0 4.0 0.04 1.0 0.0 0.0 0.0 2.0 80.0 1350.0 1
0.0 20.83 0.5 1.0 10.0 2.0 1.0 0.0 0.0 0.0 0.0 2.0 260.0 1.0 0
0.0 29.75 0.665 2.0 9.0 4.0 0.25 0.0 0.0 0.0 1.0 2.0 300.0 1.0 0
1.0 26.75 2.0 2.0 2.0 4.0 0.75 0.0 0.0 0.0 1.0 2.0 80.0 1.0 0
1.0 25.25 1.0 2.0 6.0 4.0 0.5 0.0 0.0 0.0 0.0 2.0 200.0 1.0 0
1.0 47.83 4.165 2.0 14.0 5.0 0.085 0.0 0.0 0.0 1.0 2.0 520.0 1.0 0
1.0 37.5 1.125 1.0 2.0 4.0 1.5 0.0 0.0 0.0 1.0 2.0 431.0 1.0 1
1.0 21.5 9.75 2.0 8.0 4.0 0.25 1.0 0.0 0.0 0.0 2.0 140.0 1.0 0
0.0 23.42 0.79 1.0 11.0 4.0 1.5 1.0 1.0 2.0 1.0 2.0 80.0 401.0 1
1.0 60.08 14.5 2.0 1.0 1.0 18.0 1.0 1.0 15.0 1.0 2.0 0.0 1001.0 1
0.0 30.42 1.375 2.0 9.0 8.0 0.04 0.0 1.0 3.0 0.0 2.0 0.0 34.0 0
1.0 19.33 10.915 2.0 8.0 5.0 0.585 0.0 1.0 2.0 1.0 2.0 200.0 8.0 0
0.0 19.17 0.585 1.0 6.0 4.0 0.585 1.0 0.0 0.0 1.0 2.0 160.0 1.0 0
1.0 35.75 2.415 2.0 9.0 4.0 0.125 0.0 1.0 2.0 0.0 2.0 220.0 2.0 0
1.0 32.800428237 3.7267173105 1.76322050249 3.71033849254 4.76322050249 2.95402562811 1.0 1.0 2.23677949751 0.236779497513 2.0 296.730831761 599.161025124 1
0.0 49.6861619316 8.6668755218 2.0 7.2219785579 3.6665622391 6.99972587764 1.0 1.0 6.5557296015 1.0 2.0 0.0 1276.56042884 1
0.0 25.25 12.5 2.0 2.0 4.0 1.0 0.0 0.0 0.0 1.0 2.0 180.0 1063.0 0
0.0 35.42 12.0 2.0 11.0 8.0 14.0 1.0 1.0 8.0 0.0 2.0 0.0 6591.0 1
0.0 24.08 0.5 2.0 11.0 8.0 1.25 1.0 1.0 1.0 0.0 2.0 0.0 679.0 1
1.0 56.75 12.25 2.0 7.0 4.0 1.25 1.0 1.0 4.0 1.0 2.0 200.0 1.0 1
0.0 38.75 1.5 2.0 1.0 1.0 0.0 0.0 0.0 0.0 0.0 2.0 76.0 1.0 0
0.0 26.92 13.5 2.0 11.0 8.0 5.0 1.0 1.0 2.0 0.0 2.0 0.0 5001.0 1
1.0 19.0 0.0 1.0 1.0 1.0 0.0 0.0 1.0 4.0 0.0 2.0 45.0 2.0 0
1.0 29.9060312591 1.37199430449 1.96666225154 8.96666225154 7.86664900618 0.775003311341 0.966662251545 0.966662251545 0.966662251545 0.0333377484553 2.0 239.733298012 101.43339073 1
0.0 28.58 1.665 2.0 11.0 4.0 2.415 1.0 0.0 0.0 1.0 2.0 440.0 1.0 0
1.0 31.57 0.375 2.0 2.0 4.0 0.875 1.0 0.0 0.0 1.0 1.0 928.0 1.0 0
1.0 29.58 4.5 2.0 9.0 4.0 7.5 1.0 1.0 2.0 1.0 2.0 330.0 1.0 1
0.0 22.42 5.665 2.0 11.0 4.0 2.585 1.0 1.0 7.0 0.0 2.0 129.0 3258.0 1
0.0 41.58 1.04 2.0 6.0 4.0 0.665 0.0 0.0 0.0 0.0 2.0 240.0 238.0 0
1.0 22.67 0.75 2.0 3.0 4.0 1.585 0.0 1.0 1.0 1.0 2.0 400.0 10.0 0
0.0 68.67 15.0 2.0 10.0 9.0 0.0 1.0 1.0 14.0 0.0 2.0 0.0 3377.0 1
0.0 22.42 5.665 2.0 11.0 4.0 2.585 1.0 1.0 7.0 0.0 2.0 129.0 3258.0 1
0.0 19.58 0.665 2.0 9.0 4.0 1.665 0.0 0.0 0.0 0.0 2.0 220.0 6.0 0
1.0 15.17 7.0 2.0 10.0 4.0 1.0 0.0 0.0 0.0 0.0 2.0 600.0 1.0 0
0.0 28.5 3.04 1.0 14.0 8.0 2.54 1.0 1.0 1.0 0.0 2.0 70.0 1.0 1
1.0 31.92 4.46 2.0 13.0 8.0 6.04 1.0 1.0 3.0 0.0 2.0 311.0 301.0 1
1.0 17.08 0.25 2.0 11.0 4.0 0.335 0.0 1.0 4.0 0.0 2.0 160.0 9.0 0
0.0 18.75 7.5 2.0 11.0 4.0 2.71 1.0 1.0 5.0 0.0 2.0 184.0 26727.0 1
0.0656890651583 20.9615472544 0.231744730882 2.0 11.1970671955 4.26275626063 1.22991172805 0.0656890651583 1.0 1.19706719547 0.0656890651583 2.0 240.853957847 774.846326799 1
0.0 17.67 0.0 1.0 5.0 1.0 0.0 0.0 0.0 0.0 0.0 2.0 86.0 1.0 0
0.0 21.25 2.335 2.0 3.0 5.0 0.5 1.0 1.0 4.0 0.0 1.0 80.0 1.0 1
0.391913322529 67.1239878956 11.7761813465 2.0 7.56765329011 5.95956661264 7.42924157213 1.0 1.0 2.82426003241 0.391913322529 2.0 0.0 103.919133225 1
1.0 31.57 10.5 2.0 14.0 4.0 6.5 1.0 0.0 0.0 0.0 2.0 0.0 1.0 1
1.0 25.0 12.0 2.0 4.0 4.0 2.25 1.0 1.0 2.0 1.0 2.0 120.0 6.0 0
1.0 54.58 9.415 2.0 1.0 1.0 14.415 1.0 1.0 11.0 1.0 2.0 30.0 301.0 1
0.0 15.75 0.375 2.0 8.0 4.0 1.0 0.0 0.0 0.0 0.0 2.0 120.0 19.0 0
1.0 36.17 5.5 2.0 3.0 5.0 5.0 0.0 0.0 0.0 0.0 2.0 210.0 688.0 0
0.0 45.082939679 8.77411064393 2.0 11.0 4.0 6.06883630265 1.0 1.0 5.19985464817 1.0 2.0 0.0 1.0 1
0.0 22.5 11.0 1.0 11.0 4.0 3.0 1.0 0.0 0.0 1.0 2.0 268.0 1.0 0
0.0 30.42 1.375 2.0 9.0 8.0 0.04 0.0 1.0 3.0 0.0 2.0 0.0 34.0 0
1.0 29.42 1.25 2.0 8.0 8.0 0.25 0.0 1.0 2.0 1.0 2.0 400.0 109.0 0
0.698600229946 23.4701425842 4.0 1.30139977005 7.79440091978 3.69860022995 1.22255040241 1.0 0.698600229946 1.39720045989 0.698600229946 2.0 113.972004599 988.944009198 1
1.0 34.67 1.08 2.0 7.0 4.0 1.165 0.0 0.0 0.0 0.0 1.0 28.0 1.0 0
0.0 24.5 12.75 2.0 8.0 5.0 4.75 1.0 1.0 2.0 0.0 2.0 73.0 445.0 1
0.0 25.17 2.875 2.0 14.0 8.0 0.875 1.0 0.0 0.0 0.0 2.0 360.0 1.0 1
0.0 20.08 0.125 2.0 11.0 4.0 1.0 0.0 1.0 1.0 0.0 2.0 240.0 769.0 1
0.77085938216 19.8309093959 9.77085938216 1.22914061784 7.54171876432 4.0 2.24221680493 1.0 0.0 0.0 0.22914061784 1.22914061784 30.8343752864 1.0 1
1.0 38.2194481321 0.789095263587 1.62194481321 5.64638630751 8.0 3.20258937518 1.0 0.0 0.0 0.378055186788 2.0 397.353613692 1.0 1
1.0 35.17 25.125 2.0 14.0 8.0 1.625 1.0 1.0 1.0 1.0 2.0 515.0 501.0 1
1.0 52.42 1.5 2.0 2.0 4.0 3.75 0.0 0.0 0.0 1.0 2.0 0.0 351.0 0
1.0 47.67 2.5 2.0 7.0 5.0 2.5 1.0 1.0 12.0 1.0 2.0 410.0 2511.0 1
1.0 19.17 0.0 1.0 7.0 5.0 0.0 0.0 0.0 0.0 1.0 1.0 500.0 2.0 1
1.0 25.9305500201 1.10436083845 1.5518283432 8.0 4.0 0.608201876327 1.0 1.0 6.1036566864 1.0 2.0 124.682986035 5417.65609189 1
0.0 21.08 5.0 1.0 1.0 1.0 0.0 0.0 0.0 0.0 0.0 2.0 0.0 1.0 0
1.0 29.58 4.75 2.0 7.0 4.0 2.0 0.0 1.0 1.0 1.0 2.0 460.0 69.0 0
1.0 25.25 1.0 2.0 6.0 4.0 0.5 0.0 0.0 0.0 0.0 2.0 200.0 1.0 0
1.0 38.25 10.125 1.0 4.0 4.0 0.125 0.0 0.0 0.0 0.0 2.0 160.0 1.0 0