Fold 1
-------

QUEST Loh
[[98  2  1  0  2  0  3  3]
 [ 1 98  0  0  1  0  0 11]
 [ 1  0 93  2  2  2  4  3]
 [ 0  1 17 49  1  8  0 14]
 [ 1 20  0  1 83  3  1  3]
 [ 2  0  0  7  2 86 12  3]
 [10  2  1  0  1 16 84  0]
 [ 1  6  0  0  0  1  1 93]]
QUEST Gilles
[[79  1 18  0  0  9  0  2]
 [ 1 86  1  0  1  2  0 20]
 [ 1  0 85  7  0  3 10  1]
 [ 0  5 12 49  1 13  0 10]
 [ 0 20 10  1 66 11  1  3]
 [ 1  0  2  0  3 88 11  7]
 [ 9  0 10  0  1 16 77  1]
 [ 1 12  2  0  0  0  1 86]]
GUIDE
[[90  1  1  0  1  0  3 13]
 [ 1 96  0  0  0  3  0 11]
 [ 1  0 86  2  2  2 12  2]
 [ 0  0 17 46  0 13  0 14]
 [ 1 19  0  1 71 16  1  3]
 [ 9  0  0  0  2 86 12  3]
 [10  1  1  0  0 16 84  2]
 [ 0  6  2  0  0  1  1 92]]
C4.5
[[91  1  1  0  1  0 12  3]
 [ 1 98  0  0  1  0  0 11]
 [ 1  0 96  2  2  1  4  1]
 [ 0  0 15 52  1  8  0 14]
 [ 1 18  0  1 85  4  1  2]
 [ 1  0  0  7  2 88 13  1]
 [ 3  0  1  1  0 16 92  1]

CART
[[98  1  1  0  1  0  5  3]
 [ 2 94  0  0  2  0  2 11]
 [ 1  0 98  2  0  1  4  1]
 [ 0  0 15 51  1  8  2 13]
 [ 1 18  1  1 84  4  1  2]
 [ 2  0  0  7  2 88 13  0]
 [ 9  1  3  0  1 14 86  0]
 [ 1  6  2  0  0  1  1 91]]
CN2
[[96  3  1  0  1  0  5  3]
 [ 2 94  0  0  2  0  2 11]
 [ 1  0 95  2  2  2  4  1]
 [ 0  0 15 52  1  8  0 14]
 [ 0 19  0  1 85  4  1  2]
 [ 2  0  0  7  2 88 12  1]
 [ 9  1  3  1  0 14 85  1]
 [ 1  6  2  0  0  1  1 91]]
XGBoost
[[95  3  1  0  1  0  6  3]
 [ 2 94  0  0  2  0  2 11]
 [ 1  0 95  2  2  2  4  1]
 [ 0  0 15 51  1  8  1 14]
 [ 0 19  0  1 85  3  1  3]
 [ 2  0  0  7  2 88 12  1]
 [ 9  0  4  0  0 14 87  0]
 [ 1  6  2  0  0  1  1 91]]
RF
[[99  2  1  0  1  0  3  3]
 [ 1 95  0  0  2  0  2 11]
 [ 1  0 96  2  2  1  4  1]
 [ 0  0 15 52  1  8  0 14]
 [ 1 18  0  1 85  4  1  2]
 [ 2  0  0  7  2 88 12  1]
 [10  1  3  1  0 14 84  1]
 [ 1  6  2  0  0  1  1 91]]
inTrees
2474 rules (length<=6) were extracted from the first 100 trees.
[[92  0  1  0  4  0  9  3]
 [ 0 97  0  0  2  0  1 11]
 [ 1  0 96  2  0  1  6  1]
 [ 0  0 17 46  1 12  0 14]
 [ 0 18  1  1 86  4  0  2]
 [ 2  0  0  0  2 95 12  1]
 [ 7  0  4  0  1 15 87  0]
 [ 1  6  0  0  0  1  3 91]]
ISM
[[98  1  1  0  1  0  5  3]
 [ 2 94  0  0  2  0  2 11]
 [ 1  0 98  2  0  1  4  1]
 [ 0  0 15 52  1  8  1 13]
 [ 1 18  1  1 84  4  1  2]
 [ 2  0  0  7  2 88 13  0]
 [ 9  1  3  1  1 14 85  0]
 [ 1  6  2  0  0  1  1 91]]
ISM_pruned
[[98  1  1  0  1  0  5  3]
 [ 1 95  0  0  2  0  2 11]
 [ 1  0 96  2  2  1  4  1]
 [ 0  0 15 52  1  8  0 14]
 [ 1 18  0  1 85  4  1  2]
 [ 2  0  0  7  2 88 12  1]
 [ 9  1  3  1  1 14 85  0]
 [ 1  6  2  0  0  1  1 91]]
Genetic
[[96  0  1  0  2  0  3  7]
 [ 1 90  0  0  5  0  2 13]
 [ 3  0 94  2  0  1  4  3]
 [ 0  0 15 50  1  8  1 15]
 [ 2  9  0  1 94  4  0  2]
 [ 3  0  0  8  4 80 12  5]
 [10  0  2  0  1 15 84  2]
 [ 1  6  0  0  0  0  1 94]]

Fold 2
-------

QUEST Loh
[[83  1  1  1  2  1 16  3]
 [ 1 91  1  0  8  0  1  9]
 [ 1  1 85 12  0  1  5  1]
 [ 1  1 11 63  1  2  3  8]
 [ 1  5  1  2 97  0  2  4]
 [ 0  0  0 16  2 78 15  1]
 [ 1  1  2  0  1 12 96  1]
 [ 4 12  1  2  2  0  0 80]]
QUEST Gilles
[[93  2  9  0  1  1  1  1]
 [ 3 90  1  0  8  0  0  9]
 [ 1  2 85  8  2  0  8  0]
 [ 1  3 12 56  8  0  1  9]
 [ 3  3 10  2 80  0  0 14]
 [ 1  1  3  9 13 64 10 11]
 [ 8  2  8  0  0 11 84  1]
 [ 4 16  2  1  1  0  0 77]]
GUIDE
[[85  0  1  1  2  1 16  2]
 [10 91  0  2  2  0  1  5]
 [ 1  9 81 12  0  0  3  0]
 [ 1  3 13 67  1  0  2  3]
 [ 9  4  1  4 86  7  1  0]
 [ 0  0  3 17  1 76 14  1]
 [ 1  1  2  8  1 12 88  1]
 [15 12  7  9  1  0  0 57]]
C4.5
[[83  1  1  1  2  1 16  3]
 [ 1 91  1  0  8  0  1  9]
 [ 1  1 89 10  0  0  5  0]
 [ 1  1 13 63  1  0  3  8]
 [ 1  5  0  2 97  0  2  5]
 [ 0  0  3 16  2 75 15  1]
 [ 1  1  2  0  1 13 95  1]
 [ 4 12  0  2  2  0  0 81]]
CART
[[91  1  1  1  1  2  8  3]
 [ 2 92  1  0  7  0  0  9]
 [ 2  0 88 10  0  1  5  0]
 [ 1  1  9 66  1  2  3  7]
 [ 4  6  0  2 94  0  2  4]
 [ 0  0  0 16  4 77 14  1]
 [ 9  1  2  1  0 13 88  0]
 [ 4 12  1  2  2  0  0 80]]
CN2
[[91  1  1  0  1  2  9  3]
 [ 1 91  0  0  8  0  2  9]
 [ 1  1 79 12  0  1 11  1]
 [ 1  1  8 59  1  9  3  8]
 [ 4  5  0  2 94  0  3  4]
 [ 0  0  0  6  2 88 15  1]
 [ 9  1  1  0  0 13 89  1]
 [ 4 12  1  2  2  0  0 80]]
XGBoost
[[92  0  1  0  2  2  8  3]
 [ 2 90  0  0  9  0  1  9]
 [ 1  1 89 10  0  2  3  0]
 [ 1  1 14 53  1 10  3  7]
 [ 3  3  1  1 97  2  1  4]
 [ 1  0  3  0  2 92 13  1]
 [ 7  1  2  0  1 13 90  0]
 [ 4 12  1  1  2  1  0 80]]
RF
[[84  0  1  0  2  2 16  3]
 [ 3 91  0  0  8  0  0  9]
 [ 1  2 87 13  0  0  3  0]
 [ 1  1  9 55  1 10  3 10]
 [ 3  3  0  2 97  1  1  5]
 [ 0  0  0  4  2 91 14  1]
 [ 2  1  3  0  1 12 94  1]
 [ 4 12  1  1  2  1  0 80]]
inTrees
[[91  0  3  1  2  1  7  3]
 [ 1 90  2  0  8  0  1  9]
 [ 1  1 92 10  0  0  2  0]
 [ 1  1 14 63  1  0  3  7]
 [ 1  3  5  2 97  0  0  4]
 [ 1  0  5 16  2 75 12  1]
 [ 7  1  4  0  1 12 89  0]
 [ 4 12  1  2  2  0  2 78]]
ISM
[[91  1  1  1  1  2  8  3]
 [ 2 92  0  1  7  0  0  9]
 [ 2  1 86 10  0  1  5  1]
 [ 1  1  8 66  1  2  3  8]
 [ 4  6  0  2 94  0  2  4]
 [ 0  0  0 16  2 79 14  1]
 [ 9  1  2  1  0 13 88  0]
 [ 4 12  1  2  2  0  0 80]]
ISM_pruned
[[91  1  1  1  2  1  8  3]
 [ 1 92  1  0  8  0  0  9]
 [ 1  2 86 10  0  1  5  1]
 [ 1  1 11 60  1  5  3  8]
 [ 1  5  0  1 97  1  2  5]
 [ 1  0  0 10  2 84 14  1]
 [ 8  1  2  0  1 12 89  1]
 [ 4 12  1  1  2  1  0 80]]
Genetic
[[92  0  1  1  1  1  9  3]
 [ 2 91  0  2  8  0  1  7]
 [ 1  0 98  1  0  2  3  1]
 [ 1  1 21 60  1  0  3  3]
 [ 6  3  0  4 95  1  1  2]
 [ 0  0  3 16  2 76 14  1]
 [ 9  1  2  0  0 13 88  1]
 [ 4 11  2  7  2  0  2 73]]


Fold 3
-------
QUEST Loh
[[87  1  6  2  4  0  3  5]
 [ 1 94  0  1  9  0  0  6]
 [ 5  0 84  9  2  0  2  4]
 [ 2  2  6 62  1  9  0  8]
 [ 0  8  1  2 94  4  1  2]
 [ 3  1  0  9  3 83  9  3]
 [ 4  1  2  2  2 12 89  1]
 [ 0  5  0  2  3  2  0 89]]
QUEST Gilles
[[82  2  6  2 12  0  1  3]
 [ 3 86  0  2  6  0  0 14]
 [14  0 69 19  1  0  2  1]
 [ 1  0  2 64  7  9  0  7]
 [ 0  7  1  3 96  4  1  0]
 [ 2  1  1  2 13 84  8  0]
 [ 4  1 10  2  0 13 83  0]
 [ 1 13  0  9  2  2  0 74]]
GUIDE
[[88  2  3  2  1  0  4  8]
 [10 94  0  1  0  1  0  5]
 [15  0 73  8  1  0  6  3]
 [ 8  0  6 57  6  9  0  4]
 [ 1 14  1  0 82 10  2  2]
 [11  0  0  0 12 76  9  3]
 [ 6  0  1  2  0 11 92  1]
 [ 8  5  0  2  1  1  0 84]]
C4.5
[[89  1  4  2  3  0  4  5]
 [ 1 94  0  1  9  0  0  6]
 [ 2  0 87  9  1  0  3  4]
 [ 2  2  6 62  1  9  0  8]
 [ 0  8  1  2 93  4  2  2]
 [ 3  1  0  9  3 85  9  1]
 [ 4  1  2  3  0 11 91  1]
 [ 0  5  0  2  3  3  0 88]]
CART
[[90  2  4  2  1  0  4  5]
 [ 1 98  0  1  5  0  0  6]
 [ 2  0 88 10  0  0  3  3]
 [ 2  2  6 65  1  9  0  5]
 [ 1  9  2  3 91  4  2  0]
 [ 4  0  1  9  3 84  9  1]
 [ 4  1  2  3  1 11 90  1]
 [ 0  6  0 10  1  2  0 82]]
CN2
[[88  2  6  2  1  0  4  5]
 [ 1 97  0  1  6  0  0  6]
 [ 2  0 88 10  0  0  3  3]
 [ 2  2  6 65  1  9  0  5]
 [ 1  9  2  3 91  4  2  0]
 [ 3  0  0  9  3 86  8  2]
 [ 4  1  3  2  1 11 89  2]
 [ 0  6  0  8  2  2  1 82]]
XGBoost
[[92  0  4  2  1  0  4  5]
 [ 3 95  0  1  6  0  0  6]
 [ 2  0 84 14  0  0  3  3]
 [ 2  2  4 67  1  9  0  5]
 [ 1  7  2  3 92  4  2  1]
 [ 3  0  2  9  3 84  9  1]
 [ 4  1  3  2  1 11 90  1]
 [ 1  5  0  8  2  3  0 82]]
RF
[[89  3  4  2  2  0  3  5]
 [ 0 97  0  1  7  0  0  6]
 [ 2  0 87 10  2  0  2  3]
 [ 2  2  6 65  1  9  0  5]
 [ 1  7  1  3 94  4  1  1]
 [ 3  0  0  9  3 86  9  1]
 [ 4  1  2  2  2 12 89  1]
 [ 0  6  0  8  2  3  0 82]]
Got all trees, lets merge them!
inTrees
[[88  0  4  2  5  0  4  5]
 [ 1 94  1  1  8  0  0  6]
 [ 2  0 82 15  0  0  3  4]
 [ 2  2  3 65  1  9  0  8]
 [ 0  7  3  2 93  4  2  1]
 [ 3  0  0  9  3 85  9  2]
 [ 4  1  2  2  1 12 89  2]
 [ 0  5  0  2  3  2  1 88]]
ISM_
[[90  2  4  2  1  0  4  5]
 [ 1 98  0  1 5  0  0  6]
 [ 2  0 88 10  0  0  3  3]
 [ 2  2  6 65  1  9  0  5]
 [ 1  9  2  3 91  4  2  0]
 [ 3  0  0  9  3 86  9  1]
 [ 4  1  1  3  1 11 91  1]
 [ 0  6  1  9  1  2  0 82]]
ISM_pruned
[[90  2  4  2  1  0  4  5]
 [ 1 98  0  1  5  0  0  6]
 [ 2  0 87  9  1  0  3  4]
 [ 2  2  6 62  1  9  0  8]
 [ 1  9  1  2 92  4  2  1]
 [ 3  0  0  9  3 86  9  1]
 [ 4  1  1  3  1 11 91  1]
 [ 0  6  1  3  1  2  0 88]]
Genetic
[[ 90   2   4   2   2   0   3   5]
 [  2 102   0   1   0   0   0   6]
 [  2   1  89  10   1   0   2   1]
 [  2   2   6  65   1   9   0   5]
 [  0  15   2   3  86   4   1   1]
 [  3   1   3  10   3  82   8   1]
 [  4   0   5   3   3  11  86   1]
 [  1   6   0  10   1   1   0  82]]













