109.0 53.0 109.0 221.0 69.0 12.0 221.0 31.0 25.0 169.0 226.0 712.0 212.0 72.0 13.0 28.0 188.0 201.0 1
82.0 45.0 68.0 150.0 69.0 5.0 148.0 45.0 19.0 144.0 169.0 322.0 184.0 80.0 5.0 0.0 181.0 184.0 2
97.0 41.0 92.0 197.0 63.0 10.0 179.0 37.0 21.0 140.0 197.0 481.0 136.0 63.0 4.0 3.0 197.0 204.0 0
92.0 38.0 60.0 130.0 62.0 5.0 114.0 58.0 17.0 132.0 135.0 194.0 137.0 72.0 14.0 5.0 190.0 194.0 3
88.0 37.0 51.0 105.0 52.0 5.0 119.0 57.0 17.0 128.0 135.0 207.0 125.0 86.0 8.0 16.0 179.0 183.0 3
86.0 39.0 59.1787896143 133.840922107 57.9469740357 6.1787896143 118.178789614 55.8212103857 17.0 134.0 140.0 208.715158457 143.87423635 64.2848415428 7.0 7.1787896143 195.893948071 201.662132493 3
93.0 44.0 98.0 197.0 62.0 11.0 183.0 36.0 22.0 146.0 202.0 505.0 152.0 64.0 4.0 14.0 195.0 204.0 1
108.0 53.0 104.0 181.0 56.0 11.0 220.0 31.0 25.0 167.0 226.0 712.0 214.0 72.0 15.0 18.0 189.0 199.0 1
94.0 48.0 87.0 162.0 64.0 10.0 157.0 43.0 20.0 161.0 179.0 363.0 186.0 75.0 4.0 15.0 184.0 195.0 3
90.0 48.0 78.0 142.0 59.0 11.0 160.0 43.0 20.0 160.0 173.0 370.0 185.0 76.0 10.0 11.0 183.0 192.0 3
100.0 41.0 75.0 205.0 71.0 5.0 176.0 36.0 21.0 138.0 204.0 479.0 151.0 72.0 7.0 19.0 197.0 197.0 2
90.0 48.0 81.0 144.0 60.0 9.0 150.0 44.0 19.0 156.0 173.0 333.0 200.0 75.0 2.0 0.0 185.0 195.0 3
92.0 39.0 76.0 180.0 71.0 6.0 152.0 43.0 19.0 131.0 179.0 350.0 143.0 72.0 6.0 14.0 195.0 200.0 2
88.0 40.0 55.0 114.0 53.0 7.0 132.0 53.0 18.0 139.0 142.0 249.0 158.0 87.0 0.0 7.0 176.0 183.0 3
94.0 48.0 87.0 162.0 64.0 10.0 157.0 43.0 20.0 161.0 179.0 363.0 186.0 75.0 4.0 15.0 184.0 195.0 3
89.0 37.0 51.0 111.0 54.0 5.0 120.0 56.0 17.0 127.0 138.0 213.0 147.0 82.0 7.0 4.0 181.0 183.0 3
94.0 36.0 68.0 127.0 54.0 7.0 127.0 52.0 18.0 132.0 155.0 242.0 116.0 66.0 1.0 2.0 195.0 196.0 3
86.5401830228 42.9464226362 80.0 150.406239613 62.9732113181 8.48660565906 146.486605659 45.0 19.0 145.946422636 169.0 320.919633954 167.325873568 71.0 2.54018302283 10.1607320913 188.0 197.973211318 3
90.0 48.0 78.0 142.0 59.0 11.0 160.0 43.0 20.0 160.0 173.0 370.0 185.0 76.0 10.0 11.0 183.0 192.0 3
91.0 45.0 76.0 171.0 69.0 7.0 150.0 44.0 19.0 144.0 170.0 340.0 179.0 69.0 12.0 1.0 195.0 201.0 2
104.0 52.0 110.0 172.0 53.0 10.0 219.0 30.0 25.0 166.0 235.0 711.0 218.0 74.0 10.0 28.0 188.0 198.0 0
93.0 47.0 88.0 200.0 66.0 7.0 173.0 38.0 21.0 151.0 197.0 452.0 205.0 66.0 0.0 3.0 195.0 202.0 1
86.0 44.0 77.0 155.0 60.0 7.0 152.0 44.0 19.0 141.0 174.0 345.0 161.0 72.0 9.0 0.0 187.0 192.0 0
91.0 39.0 82.0 164.0 68.0 10.0 143.0 46.0 19.0 137.0 164.0 308.0 158.0 68.0 13.0 9.0 191.0 201.0 3
101.0 51.0 105.0 212.0 68.0 10.0 209.0 32.0 24.0 162.0 222.0 653.0 224.0 73.0 5.0 23.0 186.0 195.0 0
93.0 39.0 78.0 164.0 66.0 8.0 139.0 48.0 18.0 140.0 157.0 290.0 126.0 64.0 4.0 7.0 201.0 208.0 3
101.0 53.0 103.0 203.0 63.0 9.0 195.0 34.0 22.0 162.0 210.0 571.0 210.0 68.0 5.0 5.0 191.0 198.0 0
102.0 45.0 83.0 198.0 65.0 5.0 194.0 33.0 22.0 146.0 225.0 576.0 167.0 79.0 0.0 27.0 193.0 191.0 2
96.0 47.0 103.0 215.0 69.0 10.0 200.0 33.0 23.0 147.0 220.0 598.0 200.0 73.0 6.0 6.0 187.0 194.0 0
99.0 53.0 105.0 219.0 66.0 11.0 204.0 32.0 23.0 165.0 221.0 623.0 224.0 68.0 0.0 6.0 191.0 201.0 1
94.0 36.0 66.0 151.0 61.0 8.0 133.0 50.0 18.0 135.0 154.0 265.0 119.0 62.0 9.0 3.0 201.0 208.0 3
95.0 48.0 104.0 214.0 67.0 9.0 205.0 32.0 23.0 151.0 227.0 628.0 202.0 74.0 5.0 9.0 186.0 193.0 0
87.0 39.0 70.0 148.0 61.0 7.0 143.0 46.0 18.0 136.0 164.0 307.0 141.0 69.0 1.0 2.0 192.0 199.0 2
100.0 43.0 92.0 197.0 62.0 10.0 180.0 36.0 21.0 143.0 200.0 489.0 153.0 64.0 6.0 9.0 195.0 205.0 1
107.0 54.0 98.0 203.0 65.0 11.0 218.0 31.0 25.0 167.0 229.0 696.0 216.0 72.0 1.0 28.0 187.0 199.0 1
111.0 50.0 103.0 199.0 60.0 11.0 211.0 31.0 24.0 156.0 223.0 663.0 188.0 68.0 9.0 9.0 190.0 200.0 1
87.0 42.0 70.0 139.0 59.0 7.0 149.0 45.0 19.0 142.0 177.0 327.0 156.0 78.0 6.0 9.0 185.0 188.0 2
109.0 54.0 103.0 205.0 63.0 11.0 222.0 30.0 25.0 175.0 229.0 720.0 213.0 71.0 6.0 14.0 187.0 200.0 1
109.0 52.0 104.0 199.0 60.0 12.0 215.0 31.0 24.0 162.0 220.0 691.0 212.0 67.0 11.0 7.0 189.0 199.0 1
100.0 51.0 89.0 199.0 65.0 6.0 201.0 32.0 23.0 159.0 219.0 622.0 205.0 74.0 6.0 7.0 193.0 193.0 2
91.0 39.0 83.0 170.0 60.0 8.0 172.0 38.0 21.0 134.0 197.0 445.0 152.0 72.0 0.0 10.0 188.0 194.0 1
94.0 37.0 72.0 193.0 72.0 6.0 158.0 41.0 19.0 133.0 184.0 385.0 127.0 70.0 0.0 14.0 200.0 204.0 2
90.0 36.0 78.0 179.0 64.0 8.0 157.0 42.0 19.0 126.0 182.0 367.0 142.0 66.0 1.0 20.0 192.0 198.0 0
89.0 47.0 80.0 131.0 54.0 11.0 160.0 43.0 20.0 163.0 175.0 369.0 174.0 77.0 1.0 7.0 182.0 193.0 3
84.0 37.0 70.0 145.0 62.0 9.0 136.0 48.0 18.0 134.0 159.0 280.0 140.0 68.0 11.0 9.0 194.0 202.0 3
100.0 47.0 70.0 185.0 70.0 7.0 162.0 40.0 20.0 153.0 179.0 406.0 172.0 68.0 9.0 6.0 200.0 205.0 2
102.0 51.0 92.0 194.0 60.0 6.0 220.0 30.0 25.0 162.0 247.0 731.0 209.0 80.0 7.0 7.0 188.0 186.0 2
108.0 53.0 103.0 202.0 64.0 10.0 220.0 30.0 25.0 168.0 224.0 711.0 214.0 73.0 11.0 10.0 188.0 199.0 1
95.0 49.0 92.0 193.0 62.0 10.0 178.0 37.0 21.0 154.0 200.0 478.0 171.0 64.0 2.0 0.0 198.0 206.0 0
99.0 54.0 100.0 199.0 62.0 9.0 200.0 33.0 23.0 166.0 222.0 600.0 241.0 70.0 2.0 7.0 189.0 198.0 0
100.0 45.0 100.0 209.0 65.0 8.0 201.0 32.0 23.0 147.0 231.0 611.0 189.0 72.0 5.0 5.0 189.0 195.0 0
106.0 53.0 98.0 193.0 60.0 10.0 215.0 31.0 24.0 169.0 224.0 681.0 218.0 73.0 8.0 21.0 188.0 197.0 1
80.0 43.0 68.0 120.0 54.0 8.0 150.0 45.0 19.0 145.0 171.0 329.0 176.0 85.0 4.0 8.0 179.0 183.0 2
85.0 33.0 40.0 115.0 57.0 3.0 112.0 61.0 17.0 119.0 130.0 184.0 127.0 86.0 12.0 21.0 181.0 183.0 1
104.0 54.0 100.0 186.0 61.0 10.0 216.0 31.0 24.0 173.0 225.0 686.0 220.0 74.0 5.0 11.0 185.0 195.0 1
100.0 52.0 104.0 189.0 59.0 10.0 208.0 32.0 24.0 163.0 220.0 642.0 197.0 70.0 1.0 22.0 187.0 198.0 1
98.0 50.0 90.0 192.0 63.0 9.0 177.0 37.0 21.0 155.0 195.0 472.0 197.0 65.0 10.0 1.0 193.0 201.0 1
102.0 54.0 98.0 167.0 53.0 10.0 217.0 31.0 24.0 174.0 228.0 692.0 223.0 72.0 0.0 31.0 187.0 198.0 0
92.0 46.0 82.0 170.0 58.0 8.0 165.0 40.0 20.0 149.0 181.0 409.0 164.0 61.0 8.0 11.0 200.0 208.0 0
89.0 41.0 75.0 143.0 56.0 7.0 146.0 46.0 19.0 137.0 170.0 317.0 156.0 76.0 18.0 5.0 184.0 188.0 0
98.0 54.0 104.0 186.0 59.0 10.0 213.0 32.0 24.0 172.0 223.0 665.0 217.0 73.0 1.0 26.0 186.0 195.0 0
89.0 46.0 78.0 150.0 63.0 11.0 160.0 43.0 20.0 160.0 170.0 367.0 176.0 73.0 5.0 9.0 185.0 194.0 3
89.0 44.0 76.0 125.0 54.0 10.0 156.0 44.0 20.0 151.0 163.0 352.0 176.0 76.0 12.0 12.0 184.0 193.0 3
106.0 57.0 107.0 235.0 67.0 6.0 262.0 26.0 28.0 171.0 285.0 987.0 260.0 86.0 9.0 31.0 180.0 184.0 2
100.0 41.0 75.0 205.0 71.0 5.0 176.0 36.0 21.0 138.0 204.0 479.0 151.0 72.0 7.0 19.0 197.0 197.0 2
104.0 55.0 107.0 222.0 68.0 11.0 218.0 31.0 24.0 173.0 232.0 703.0 229.0 71.0 3.0 10.0 188.0 199.0 1
100.0 44.0 93.0 193.0 62.0 8.0 186.0 35.0 22.0 147.0 202.0 521.0 151.0 66.0 0.0 2.0 193.0 198.0 0
94.0 36.0 68.0 127.0 54.0 7.0 127.0 52.0 18.0 132.0 155.0 242.0 116.0 66.0 1.0 2.0 195.0 196.0 3
87.0 44.0 65.0 124.0 56.0 6.0 149.0 46.0 19.0 144.0 170.0 321.0 171.0 87.0 4.0 12.0 179.0 182.0 2
85.0 45.0 80.0 154.0 64.0 9.0 147.0 45.0 19.0 148.0 169.0 324.0 174.0 71.0 1.0 4.0 188.0 199.0 3
107.0 57.0 106.0 179.0 51.0 8.0 257.0 26.0 28.0 172.0 275.0 954.0 232.0 83.0 2.0 20.0 181.0 184.0 2
93.0 43.0 76.0 149.0 57.0 7.0 149.0 44.0 19.0 143.0 172.0 335.0 176.0 69.0 14.0 0.0 189.0 194.0 1
90.0 38.0 79.0 185.0 69.0 6.0 160.0 40.0 20.0 130.0 178.0 393.0 133.0 66.0 2.0 14.0 198.0 205.0 2
86.0 40.0 62.0 140.0 62.0 7.0 150.0 45.0 19.0 133.0 165.0 330.0 173.0 82.0 2.0 3.0 180.0 185.0 1
97.0 46.0 101.0 210.0 66.0 8.0 192.0 35.0 22.0 151.0 208.0 546.0 169.0 66.0 1.0 32.0 191.0 200.0 0
101.0 56.0 104.0 185.0 53.0 6.0 257.0 26.0 28.0 168.0 275.0 956.0 230.0 83.0 5.0 26.0 180.0 184.0 2
82.0 38.0 53.0 125.0 59.0 5.0 133.0 51.0 18.0 128.0 152.0 259.0 146.0 87.0 0.0 0.0 177.0 183.0 0
87.0 45.0 77.0 153.0 59.0 7.0 154.0 44.0 19.0 145.0 181.0 350.0 172.0 75.0 15.0 14.0 184.0 189.0 0
87.0 41.0 66.0 140.0 58.0 6.0 148.0 46.0 19.0 136.0 164.0 318.0 178.0 79.0 19.0 2.0 181.0 185.0 1
108.0 51.0 103.0 197.0 60.0 11.0 211.0 31.0 24.0 160.0 222.0 661.0 187.0 67.0 7.0 3.0 190.0 200.0 0
92.0 38.0 60.0 130.0 62.0 5.0 114.0 58.0 17.0 132.0 135.0 194.0 137.0 72.0 14.0 5.0 190.0 194.0 3
89.0 42.0 75.0 140.0 55.0 6.0 145.0 46.0 19.0 139.0 170.0 312.0 166.0 71.0 15.0 26.0 191.0 198.0 0
92.0 35.0 58.0 136.0 58.0 6.0 122.0 55.0 17.0 132.0 142.0 222.0 116.0 64.0 6.0 17.0 197.0 203.0 3
82.0 45.0 66.0 252.0 126.0 52.0 148.0 45.0 19.0 144.0 237.0 326.0 185.0 119.0 1.0 1.0 181.0 185.0 2
89.0 38.0 77.0 161.0 62.0 7.0 149.0 45.0 19.0 129.0 174.0 327.0 153.0 71.0 6.0 21.0 188.0 193.0 1
90.0 44.0 72.0 157.0 64.0 8.0 137.0 48.0 18.0 144.0 159.0 283.0 171.0 65.0 9.0 4.0 196.0 203.0 3
108.0 54.0 105.0 203.0 62.0 11.0 202.0 33.0 23.0 164.0 216.0 608.0 235.0 68.0 12.0 3.0 190.0 200.0 1
100.0 46.0 90.0 172.0 67.0 9.0 157.0 43.0 20.0 150.0 170.0 363.0 184.0 67.0 17.0 7.0 192.0 200.0 3
86.0 44.0 70.0 140.0 64.0 6.0 148.0 45.0 19.0 145.0 170.0 322.0 185.0 82.0 10.0 1.0 181.0 183.0 2
107.0 45.0 92.0 197.0 62.0 10.0 188.0 35.0 22.0 148.0 202.0 526.0 159.0 64.0 12.0 20.0 195.0 203.0 0
90.0 48.0 78.0 143.0 60.0 11.0 161.0 43.0 20.0 159.0 172.0 374.0 186.0 75.0 2.0 2.0 184.0 193.0 3
82.0 38.0 53.0 125.0 59.0 5.0 133.0 51.0 18.0 128.0 152.0 259.0 146.0 87.0 0.0 0.0 177.0 183.0 0
85.0 38.0 75.0 132.0 54.0 7.0 147.0 46.0 19.0 131.0 171.0 318.0 145.0 75.0 7.0 25.0 183.0 188.0 1
99.0 51.0 88.0 188.0 62.0 5.0 203.0 32.0 23.0 158.0 222.0 625.0 219.0 77.0 8.0 26.0 191.0 190.0 2
98.0 52.0 86.0 207.0 69.0 5.0 192.0 33.0 22.0 161.0 212.0 570.0 221.0 75.0 4.0 6.0 194.0 195.0 2
96.0 41.0 69.0 153.0 56.0 7.0 141.0 47.0 18.0 141.0 162.0 297.0 169.0 61.0 11.0 8.0 202.0 209.0 1
82.0 44.0 72.0 118.0 52.0 7.0 152.0 44.0 19.0 147.0 174.0 340.0 177.0 82.0 2.0 2.0 180.0 185.0 2
105.0 54.0 108.0 234.0 70.0 12.0 215.0 31.0 24.0 168.0 226.0 687.0 228.0 68.0 4.0 22.0 189.0 201.0 1
80.0 43.0 68.0 123.0 53.0 7.0 150.0 46.0 19.0 147.0 169.0 327.0 176.0 81.0 7.0 14.0 179.0 184.0 2
86.5401830228 42.9464226362 80.0 150.406239613 62.9732113181 8.48660565906 146.486605659 45.0 19.0 145.946422636 169.0 320.919633954 167.325873568 71.0 2.54018302283 10.1607320913 188.0 197.973211318 3
109.0 53.0 103.0 210.0 63.0 11.0 219.0 30.0 25.0 172.0 229.0 707.0 212.0 71.0 6.0 3.0 188.0 199.0 1
95.0 42.0 85.0 174.0 66.0 9.0 153.0 44.0 19.0 144.0 168.0 347.0 150.0 65.0 11.0 5.0 196.0 204.0 3
105.0 51.0 108.0 201.0 62.0 11.0 220.0 30.0 25.0 163.0 232.0 711.0 202.0 72.0 12.0 16.0 189.0 200.0 1
95.0 48.0 104.0 214.0 67.0 9.0 205.0 32.0 23.0 151.0 227.0 628.0 202.0 74.0 5.0 9.0 186.0 193.0 0
97.0 41.0 88.0 184.0 59.0 9.0 175.0 38.0 21.0 140.0 192.0 459.0 147.0 63.0 1.0 5.0 196.0 205.0 1
86.0 45.0 71.0 155.0 66.0 7.0 146.0 45.0 19.0 144.0 167.0 322.0 176.0 72.0 5.0 6.0 189.0 196.0 2
105.0 54.0 108.0 234.0 70.0 12.0 215.0 31.0 24.0 168.0 226.0 687.0 228.0 68.0 4.0 22.0 189.0 201.0 1
102.0 51.0 92.0 194.0 60.0 6.0 220.0 30.0 25.0 162.0 247.0 731.0 209.0 80.0 7.0 7.0 188.0 186.0 2
97.0 53.0 105.0 225.0 71.0 12.0 221.0 30.0 25.0 167.0 226.0 713.0 202.0 70.0 3.0 20.0 186.0 200.0 1
106.0 48.0 107.0 202.0 61.0 10.0 207.0 32.0 24.0 153.0 227.0 635.0 200.0 70.0 5.0 28.0 190.0 203.0 1
106.0 55.0 96.0 196.0 60.0 12.0 221.0 30.0 25.0 173.0 225.0 717.0 214.0 72.0 9.0 13.0 186.0 196.0 0
85.0 36.0 72.0 127.0 56.0 7.0 127.0 54.0 18.0 125.0 144.0 233.0 123.0 70.0 3.0 30.0 184.0 194.0 0
91.0 39.0 83.0 176.0 59.0 7.0 169.0 39.0 20.0 132.0 190.0 426.0 142.0 67.0 0.0 24.0 192.0 199.0 1
101.0 53.0 103.0 203.0 63.0 9.0 195.0 34.0 22.0 162.0 210.0 571.0 210.0 68.0 5.0 5.0 191.0 198.0 0
99.0 54.0 100.0 199.0 62.0 9.0 200.0 33.0 23.0 166.0 222.0 600.0 241.0 70.0 2.0 7.0 189.0 198.0 0
83.0 42.0 71.0 152.0 64.0 7.0 149.0 45.0 19.0 142.0 172.0 331.0 158.0 74.0 2.0 2.0 184.0 190.0 2
87.0 41.0 66.0 140.0 58.0 6.0 148.0 46.0 19.0 136.0 164.0 318.0 178.0 79.0 19.0 2.0 181.0 185.0 1
94.0 43.0 69.0 161.0 59.0 7.0 152.0 43.0 19.0 143.0 175.0 349.0 187.0 67.0 12.0 11.0 193.0 198.0 1
83.8066368776 44.3950223418 73.9074664873 161.302488829 68.0 8.20165921939 142.10082961 46.0 18.1008296097 143.294192732 168.495851952 305.302488829 176.882578196 70.6975111709 10.3024888291 3.60497765818 191.0 199.201659219 3
89.0 46.0 78.0 150.0 63.0 11.0 160.0 43.0 20.0 160.0 170.0 367.0 176.0 73.0 5.0 9.0 185.0 194.0 3
85.0 33.0 40.0 115.0 57.0 3.0 112.0 61.0 17.0 119.0 130.0 184.0 127.0 86.0 12.0 21.0 181.0 183.0 1
85.0 42.0 64.0 121.0 55.0 7.0 149.0 46.0 19.0 146.0 167.0 323.0 172.0 85.0 1.0 6.0 179.0 182.0 2
85.0 38.0 75.0 132.0 54.0 7.0 147.0 46.0 19.0 131.0 171.0 318.0 145.0 75.0 7.0 25.0 183.0 188.0 1
91.0 39.0 82.0 164.0 68.0 10.0 143.0 46.0 19.0 137.0 164.0 308.0 158.0 68.0 13.0 9.0 191.0 201.0 3
94.0 43.0 64.0 173.0 69.0 7.0 150.0 43.0 19.0 142.0 169.0 344.0 177.0 68.0 9.0 1.0 199.0 206.0 2
90.0 38.0 79.0 185.0 69.0 6.0 160.0 40.0 20.0 130.0 178.0 393.0 133.0 66.0 2.0 14.0 198.0 205.0 2
105.0 50.0 93.0 173.0 54.0 4.0 222.0 30.0 25.0 159.0 254.0 735.0 206.0 83.0 4.0 12.0 186.0 184.0 2
101.0 49.0 103.0 212.0 67.0 10.0 201.0 33.0 23.0 156.0 215.0 601.0 174.0 69.0 4.0 11.0 189.0 196.0 0
84.0 38.0 74.0 138.0 57.0 8.0 139.0 49.0 18.0 127.0 160.0 282.0 127.0 72.0 9.0 20.0 183.0 191.0 0
102.0 52.0 98.0 225.0 71.0 10.0 214.0 31.0 24.0 164.0 228.0 682.0 199.0 71.0 0.0 16.0 187.0 196.0 0
94.0 43.0 64.0 173.0 69.0 7.0 150.0 43.0 19.0 142.0 169.0 344.0 177.0 68.0 9.0 1.0 199.0 206.0 2
104.0 51.0 108.0 193.0 59.0 11.0 217.0 31.0 24.0 163.0 232.0 694.0 203.0 72.0 15.0 22.0 190.0 201.0 1
91.0 46.0 75.0 185.0 75.0 7.0 154.0 42.0 19.0 147.0 178.0 362.0 192.0 72.0 8.0 8.0 192.0 199.0 2
92.0 39.0 76.0 180.0 71.0 6.0 152.0 43.0 19.0 131.0 179.0 350.0 143.0 72.0 6.0 14.0 195.0 200.0 2
82.0 45.0 68.0 150.0 69.0 5.0 148.0 45.0 19.0 144.0 169.0 322.0 184.0 80.0 5.0 0.0 181.0 184.0 2
101.0 49.0 103.0 212.0 67.0 10.0 201.0 33.0 23.0 156.0 215.0 601.0 174.0 69.0 4.0 11.0 189.0 196.0 0
90.0 39.0 86.0 169.0 62.0 7.0 162.0 41.0 20.0 131.0 194.0 388.0 147.0 74.0 1.0 22.0 185.0 191.0 0
95.0 43.0 71.0 159.0 64.0 6.0 145.0 45.0 19.0 141.0 169.0 322.0 171.0 67.0 8.0 4.0 195.0 200.0 2
90.0 43.0 72.0 157.0 64.0 8.0 136.0 49.0 18.0 145.0 158.0 279.0 167.0 64.0 4.0 6.0 201.0 209.0 3
86.0 39.0 59.1787896143 133.840922107 57.9469740357 6.1787896143 118.178789614 55.8212103857 17.0 134.0 140.0 208.715158457 143.87423635 64.2848415428 7.0 7.1787896143 195.893948071 201.662132493 3
102.0 54.0 98.0 167.0 53.0 10.0 217.0 31.0 24.0 174.0 228.0 692.0 223.0 72.0 0.0 31.0 187.0 198.0 0
97.0 45.0 88.0 173.0 67.0 10.0 157.0 43.0 20.0 157.0 173.0 365.0 157.0 67.0 8.0 12.0 192.0 200.0 3
98.0 39.0 68.0 121.0 49.0 7.0 134.0 51.0 18.0 142.0 164.0 261.0 134.0 75.0 4.0 1.0 186.0 186.0 3
98.0 38.0 78.0 191.0 65.0 8.0 169.0 39.0 20.0 136.0 197.0 430.0 141.0 67.0 9.0 20.0 192.0 199.0 1
95.0 45.0 105.0 208.0 64.0 10.0 187.0 36.0 22.0 150.0 202.0 520.0 158.0 64.0 7.0 32.0 198.0 211.0 1
96.0 41.0 69.0 153.0 56.0 7.0 141.0 47.0 18.0 141.0 162.0 297.0 169.0 61.0 11.0 8.0 202.0 209.0 1
93.0 47.0 84.0 205.0 71.0 7.0 176.0 36.0 21.0 152.0 190.0 476.0 201.0 70.0 7.0 19.0 198.0 201.0 2
93.0 36.0 64.0 165.0 69.0 8.0 136.0 49.0 18.0 136.0 161.0 279.0 127.0 67.0 2.0 29.0 193.0 204.0 3
100.0 51.0 109.0 224.0 67.0 9.0 217.0 30.0 24.0 162.0 238.0 704.0 206.0 72.0 6.0 18.0 189.0 199.0 0
97.0 49.0 76.0 203.0 73.0 7.0 178.0 36.0 21.0 157.0 194.0 487.0 186.0 72.0 0.0 7.0 197.0 200.0 2
103.0 55.0 103.0 211.0 65.0 11.0 212.0 31.0 24.0 165.0 229.0 673.0 249.0 72.0 5.0 16.0 188.0 196.0 0
84.0 45.0 68.0 148.0 64.0 6.0 146.0 46.0 19.0 142.0 168.0 317.0 180.0 75.0 5.0 1.0 183.0 187.0 2
86.0 37.0 69.0 150.0 63.0 8.0 138.0 48.0 18.0 134.0 163.0 284.0 124.0 71.0 1.0 6.0 189.0 195.0 3
110.0 56.0 109.0 199.0 57.0 5.0 251.0 27.0 27.0 169.0 272.0 928.0 268.0 82.0 11.0 10.0 183.0 183.0 2
98.0 52.0 86.0 207.0 69.0 5.0 192.0 33.0 22.0 161.0 212.0 570.0 221.0 75.0 4.0 6.0 194.0 195.0 2
93.0 36.0 63.0 139.0 57.0 8.0 132.0 50.0 18.0 136.0 158.0 260.0 121.0 67.0 3.0 27.0 193.0 201.0 3
101.0 55.0 107.0 200.0 61.0 11.0 225.0 30.0 25.0 178.0 228.0 730.0 204.0 74.0 8.0 35.0 187.0 201.0 0
86.0 46.0 70.0 149.0 65.0 8.0 149.0 45.0 19.0 146.0 170.0 331.0 185.0 77.0 6.0 6.0 183.0 188.0 2
99.0 50.0 88.0 204.0 64.0 10.0 185.0 35.0 22.0 159.0 209.0 517.0 193.0 66.0 12.0 11.0 194.0 201.0 0
94.0 49.0 87.0 159.0 64.0 10.0 157.0 43.0 20.0 158.0 179.0 363.0 203.0 75.0 4.0 0.0 183.0 194.0 3
93.0 42.0 64.0 123.0 51.0 7.0 135.0 51.0 18.0 144.0 164.0 262.0 155.0 78.0 16.0 12.0 185.0 185.0 3
100.0 52.0 109.0 225.0 68.0 10.0 222.0 30.0 25.0 165.0 241.0 731.0 207.0 73.0 7.0 28.0 188.0 199.0 0
89.0 35.0 52.0 121.0 57.0 4.0 122.0 55.0 17.0 125.0 139.0 220.0 128.0 82.0 5.0 13.0 181.0 184.0 1
85.0 33.0 50.0 104.0 53.0 4.0 115.0 59.0 17.0 118.0 136.0 193.0 127.0 83.0 1.0 30.0 179.0 185.0 1
82.0 44.0 63.0 123.0 54.0 7.0 151.0 45.0 19.0 147.0 166.0 329.0 185.0 81.0 3.0 4.0 179.0 182.0 2
98.0 38.0 70.0 186.0 68.0 6.0 164.0 39.0 20.0 136.0 189.0 413.0 129.0 71.0 3.0 17.0 200.0 203.0 2
85.0 41.0 66.0 155.0 65.0 22.0 149.0 45.0 19.0 139.0 173.0 330.0 155.0 75.0 6.0 16.0 184.0 191.0 2
105.0 52.0 107.0 207.0 60.0 11.0 218.0 31.0 24.0 167.0 221.0 701.0 197.0 66.0 0.0 20.0 191.0 203.0 0
93.0 36.0 64.0 165.0 69.0 8.0 136.0 49.0 18.0 136.0 161.0 279.0 127.0 67.0 2.0 29.0 193.0 204.0 3
105.0 53.0 105.0 184.0 57.0 11.0 211.0 31.0 24.0 168.0 224.0 661.0 218.0 71.0 0.0 15.0 186.0 197.0 1
107.0 53.0 108.0 211.0 63.0 11.0 219.0 31.0 25.0 168.0 228.0 704.0 198.0 69.0 10.0 21.0 190.0 203.0 1
98.0 38.0 70.0 125.0 52.0 8.0 130.0 53.0 18.0 139.0 157.0 243.0 132.0 74.0 0.0 13.0 186.0 185.0 3
83.0 42.0 71.0 152.0 64.0 7.0 149.0 45.0 19.0 142.0 172.0 331.0 158.0 74.0 2.0 2.0 184.0 190.0 2
91.0 39.0 88.0 189.0 63.0 9.0 175.0 38.0 21.0 132.0 197.0 457.0 156.0 69.0 0.0 23.0 191.0 198.0 1
99.0 47.0 91.0 226.0 74.0 5.0 202.0 32.0 23.0 148.0 234.0 629.0 186.0 79.0 4.0 11.0 192.0 191.0 2
86.0 37.0 77.0 144.0 54.0 7.0 154.0 43.0 19.0 127.0 179.0 352.0 145.0 71.0 14.0 13.0 186.0 191.0 0
99.0 57.0 109.0 220.0 66.0 11.0 221.0 30.0 25.0 176.0 234.0 725.0 236.0 70.0 10.0 25.0 188.0 200.0 0
95.0 48.0 83.0 178.0 72.0 10.0 162.0 42.0 20.0 159.0 176.0 379.0 184.0 70.0 6.0 16.0 187.0 197.0 3
106.0 54.0 105.0 164.0 48.0 5.0 247.0 27.0 27.0 165.0 269.0 891.0 243.0 84.0 12.0 1.0 181.0 182.0 2
88.0 36.0 78.0 160.0 62.0 6.0 140.0 48.0 18.0 123.0 161.0 287.0 129.0 66.0 4.0 35.0 194.0 202.0 0
104.0 54.0 101.0 197.0 64.0 11.0 213.0 31.0 24.0 172.0 218.0 669.0 222.0 74.0 14.0 4.0 187.0 196.0 1
85.0 45.0 80.0 154.0 64.0 9.0 147.0 45.0 19.0 148.0 169.0 324.0 174.0 71.0 1.0 4.0 188.0 199.0 3
86.0 44.0 77.0 155.0 60.0 7.0 152.0 44.0 19.0 141.0 174.0 345.0 161.0 72.0 9.0 0.0 187.0 192.0 0
90.0 41.0 78.0 145.0 55.0 7.0 138.0 48.0 18.0 138.0 161.0 284.0 158.0 67.0 0.0 1.0 192.0 197.0 0
109.0 53.0 109.0 221.0 69.0 12.0 221.0 31.0 25.0 169.0 226.0 712.0 212.0 72.0 13.0 28.0 188.0 201.0 1
100.0 36.0 73.0 199.0 73.0 6.0 162.0 40.0 20.0 127.0 189.0 401.0 125.0 72.0 6.0 19.0 200.0 204.0 2
84.0 43.0 70.0 123.0 54.0 8.0 151.0 45.0 19.0 146.0 173.0 332.0 176.0 81.0 1.0 12.0 181.0 184.0 2
82.0 45.0 68.0 150.0 69.0 5.0 148.0 45.0 19.0 144.0 169.0 322.0 184.0 80.0 5.0 0.0 181.0 184.0 2
92.0 45.0 76.0 162.0 57.0 7.0 159.0 41.0 20.0 147.0 184.0 381.0 177.0 69.0 8.0 10.0 190.0 195.0 1
91.0 39.0 77.0 153.0 59.0 8.0 139.0 48.0 18.0 139.0 159.0 289.0 123.0 62.0 8.0 17.0 201.0 209.0 3
92.0 40.0 62.0 144.0 59.0 8.0 127.0 52.0 17.0 139.0 149.0 241.0 150.0 62.0 13.0 1.0 204.0 210.0 3
81.0 43.0 68.0 148.0 64.0 7.0 150.0 45.0 19.0 144.0 175.0 330.0 171.0 80.0 1.0 2.0 182.0 185.0 2
90.0 46.0 75.0 133.0 55.0 11.0 160.0 43.0 20.0 161.0 173.0 369.0 171.0 77.0 0.0 16.0 182.0 192.0 3
94.0 48.0 83.0 162.0 64.0 10.0 156.0 43.0 19.0 153.0 177.0 357.0 187.0 74.0 4.0 14.0 185.0 196.0 3
97.0 50.0 108.0 211.0 65.0 10.0 214.0 31.0 24.0 156.0 232.0 683.0 218.0 72.0 7.0 29.0 188.0 197.0 0
89.0 46.9062772 83.9690492 145.8753264 58.0937228 9.9062772 153.3748912 44.0 19.0937228 151.6560596 174.531386 349.6560596 185.1564948 74.468614 12.9062772 6.62510880001 185.8125544 196.4376632 3
113.0 57.0 109.0 194.0 56.0 6.0 260.0 26.0 28.0 175.0 288.0 982.0 261.0 85.0 11.0 21.0 182.0 183.0 2
77.0 38.0 63.0 135.0 59.0 5.0 130.0 52.0 18.0 130.0 145.0 247.0 139.0 79.0 13.0 21.0 183.0 187.0 0
93.0 47.0 84.0 205.0 71.0 7.0 176.0 36.0 21.0 152.0 190.0 476.0 201.0 70.0 7.0 19.0 198.0 201.0 2
95.0 42.0 85.0 174.0 66.0 9.0 153.0 44.0 19.0 144.0 168.0 347.0 150.0 65.0 11.0 5.0 196.0 204.0 3
90.0 37.0 80.0 171.0 58.0 9.0 157.0 42.0 20.0 132.0 172.0 373.0 115.0 60.0 3.0 18.0 201.0 209.0 1
86.0 37.0 77.0 144.0 54.0 7.0 154.0 43.0 19.0 127.0 179.0 352.0 145.0 71.0 14.0 13.0 186.0 191.0 0
86.0 34.0 62.0 140.0 61.0 7.0 122.0 54.0 17.0 127.0 141.0 223.0 112.0 64.0 2.0 14.0 200.0 208.0 3
97.0 47.0 88.0 183.0 60.0 7.0 197.0 33.0 23.0 148.0 214.0 596.0 201.0 74.0 8.0 0.0 192.0 191.0 2
89.0 36.0 69.0 142.0 57.0 7.0 135.0 50.0 18.0 126.0 154.0 266.0 128.0 66.0 3.0 36.0 193.0 203.0 0
86.0 38.3601319991 58.0 121.160791994 55.6398680009 4.36013199907 117.639868001 57.0 17.0 130.800659995 140.0 206.559472004 150.559472004 74.7588120084 8.27973600186 3.44052799629 186.160791994 188.881055993 3
89.0 40.0 79.0 154.0 64.0 9.0 144.0 46.0 19.0 139.0 168.0 311.0 149.0 71.0 8.0 7.0 188.0 197.0 3
87.0 39.0 74.0 165.0 66.0 6.0 145.0 45.0 19.0 134.0 173.0 318.0 139.0 70.0 3.0 21.0 195.0 200.0 2
95.0 46.0 76.0 162.0 66.0 11.0 162.0 42.0 20.0 155.0 175.0 381.0 172.0 74.0 8.0 4.0 184.0 193.0 3
90.0 44.0 69.0 152.0 64.0 7.0 135.0 49.0 18.0 145.0 165.0 272.0 162.0 75.0 3.0 2.0 187.0 191.0 3
85.0 37.0 68.0 145.0 60.0 6.0 130.0 51.0 18.0 130.0 150.0 253.0 121.0 65.0 3.0 14.0 195.0 203.0 3
103.0 51.0 105.0 174.0 56.0 11.0 210.0 32.0 24.0 163.0 222.0 650.0 222.0 73.0 8.0 9.0 187.0 196.0 1
90.0 36.0 85.0 184.0 64.0 6.0 160.0 41.0 20.0 125.0 187.0 385.0 139.0 66.0 9.0 31.0 195.0 203.0 1
85.0 37.0 68.0 145.0 60.0 6.0 130.0 51.0 18.0 130.0 150.0 253.0 121.0 65.0 3.0 14.0 195.0 203.0 3
102.0 54.0 98.0 167.0 53.0 10.0 217.0 31.0 24.0 174.0 228.0 692.0 223.0 72.0 0.0 31.0 187.0 198.0 0
85.0 36.0 78.0 149.0 55.0 7.0 147.0 45.0 19.0 128.0 168.0 321.0 134.0 64.0 10.0 24.0 197.0 203.0 0
87.0 49.0 86.0 190.0 64.0 9.0 177.0 37.0 21.0 153.0 197.0 471.0 209.0 67.0 11.0 7.0 192.0 199.0 0
102.0 54.0 98.0 201.0 61.0 6.0 225.0 29.0 25.0 165.0 246.0 766.0 231.0 79.0 9.0 14.0 188.0 187.0 2
88.0 44.0 70.0 151.0 61.0 8.0 143.0 46.0 18.0 143.0 163.0 311.0 173.0 68.0 7.0 8.0 196.0 203.0 2
89.0 36.0 68.0 141.0 59.0 8.0 139.0 47.0 18.0 130.0 166.0 291.0 127.0 73.0 7.0 1.0 189.0 196.0 3
88.0 40.0 73.0 173.0 68.0 7.0 150.0 44.0 19.0 137.0 174.0 341.0 151.0 69.0 2.0 20.0 196.0 200.0 2
95.0 43.0 71.0 159.0 64.0 6.0 145.0 45.0 19.0 141.0 169.0 322.0 171.0 67.0 8.0 4.0 195.0 200.0 2
81.0 42.0 63.0 125.0 55.0 8.0 149.0 46.0 19.0 145.0 166.0 320.0 172.0 86.0 7.0 7.0 179.0 182.0 2
92.0 38.0 60.0 130.0 62.0 5.0 114.0 58.0 17.0 132.0 135.0 194.0 137.0 72.0 14.0 5.0 190.0 194.0 3
88.0 46.0 74.0 171.0 68.0 6.0 152.0 43.0 19.0 148.0 180.0 349.0 192.0 71.0 5.0 11.0 189.0 195.0 2
88.0 36.0 78.0 160.0 62.0 6.0 140.0 48.0 18.0 123.0 161.0 287.0 129.0 66.0 4.0 35.0 194.0 202.0 0
103.0 46.0 106.0 209.0 66.0 10.0 203.0 33.0 23.0 149.0 217.0 612.0 210.0 70.0 9.0 10.0 191.0 199.0 1
106.0 54.0 105.0 164.0 48.0 5.0 247.0 27.0 27.0 165.0 269.0 891.0 243.0 84.0 12.0 1.0 181.0 182.0 2
88.0 45.0 82.0 155.0 56.0 8.0 154.0 43.0 19.0 149.0 180.0 357.0 170.0 69.0 3.0 0.0 188.0 193.0 1
85.0 40.0 66.0 136.0 58.0 6.0 142.0 48.0 19.0 137.0 164.0 295.0 164.0 77.0 2.0 22.0 182.0 186.0 1
86.0 36.0 66.0 128.0 57.0 8.0 131.0 52.0 18.0 127.0 148.0 252.0 139.0 76.0 5.0 27.0 183.0 187.0 0
101.0 55.0 108.0 228.0 69.0 12.0 215.0 31.0 24.0 168.0 229.0 684.0 214.0 71.0 2.0 16.0 188.0 199.0 1
105.0 54.0 108.0 234.0 70.0 12.0 215.0 31.0 24.0 168.0 226.0 687.0 228.0 68.0 4.0 22.0 189.0 201.0 1
109.0 52.0 104.0 199.0 60.0 12.0 215.0 31.0 24.0 162.0 220.0 691.0 212.0 67.0 11.0 7.0 189.0 199.0 1
90.0 36.0 74.0 171.0 60.0 8.0 157.0 42.0 19.0 128.0 177.0 367.0 123.0 61.0 6.0 21.0 197.0 204.0 1
90.0 36.0 74.0 171.0 60.0 8.0 157.0 42.0 19.0 128.0 177.0 367.0 123.0 61.0 6.0 21.0 197.0 204.0 1
99.0 57.0 109.0 220.0 66.0 11.0 221.0 30.0 25.0 176.0 234.0 725.0 236.0 70.0 10.0 25.0 188.0 200.0 0
90.0 44.0 69.0 152.0 64.0 7.0 135.0 49.0 18.0 145.0 165.0 272.0 162.0 75.0 3.0 2.0 187.0 191.0 3
93.0 43.0 88.0 170.0 66.0 9.0 150.0 45.0 19.0 147.0 164.0 334.0 143.0 65.0 2.0 17.0 196.0 206.0 3
86.0 46.0 73.0 125.0 57.0 6.0 151.0 45.0 19.0 147.0 170.0 334.0 188.0 82.0 9.0 11.0 180.0 184.0 2
107.0 45.0 92.0 197.0 62.0 10.0 188.0 35.0 22.0 148.0 202.0 526.0 159.0 64.0 12.0 20.0 195.0 203.0 0
102.0 54.0 98.0 201.0 61.0 6.0 225.0 29.0 25.0 165.0 246.0 766.0 231.0 79.0 9.0 14.0 188.0 187.0 2
91.0 41.0 93.0 197.0 65.0 9.0 183.0 36.0 21.0 137.0 202.0 504.0 153.0 66.0 11.0 24.0 193.0 200.0 0
91.0 41.0 93.0 197.0 65.0 9.0 183.0 36.0 21.0 137.0 202.0 504.0 153.0 66.0 11.0 24.0 193.0 200.0 0
83.0 37.0 49.0 112.0 55.0 5.0 122.0 55.0 17.0 128.0 144.0 219.0 146.0 85.0 8.0 16.0 180.0 184.0 3
101.0 48.0 85.0 191.0 60.0 11.0 175.0 38.0 21.0 153.0 192.0 458.0 187.0 62.0 5.0 22.0 197.0 210.0 1
88.0 43.0 84.0 136.0 55.0 11.0 154.0 44.0 19.0 150.0 174.0 350.0 164.0 73.0 6.0 2.0 185.0 196.0 3
96.0 36.0 74.0 183.0 70.0 6.0 149.0 43.0 19.0 127.0 178.0 341.0 127.0 69.0 0.0 17.0 201.0 205.0 2
85.0 42.0 66.0 120.0 53.0 7.0 149.0 45.0 19.0 145.0 173.0 325.0 163.0 85.0 5.0 4.0 180.0 182.0 2
98.0 38.0 70.0 125.0 52.0 8.0 130.0 53.0 18.0 139.0 157.0 243.0 132.0 74.0 0.0 13.0 186.0 185.0 3
93.0 41.0 79.0 159.0 63.0 8.0 144.0 46.0 19.0 150.0 165.0 309.0 134.0 67.0 4.0 9.0 195.0 203.0 3
92.0 38.0 60.0 130.0 62.0 5.0 114.0 58.0 17.0 132.0 135.0 194.0 137.0 72.0 14.0 5.0 190.0 194.0 3
98.0 55.0 104.0 213.0 67.0 9.0 206.0 32.0 23.0 167.0 223.0 629.0 220.0 72.0 5.0 19.0 187.0 196.0 1
95.0 36.0 73.0 191.0 73.0 6.0 156.0 41.0 19.0 126.0 184.0 374.0 124.0 71.0 2.0 19.0 199.0 204.0 2
97.0 47.0 88.0 183.0 60.0 7.0 197.0 33.0 23.0 148.0 214.0 596.0 201.0 74.0 8.0 0.0 192.0 191.0 2
95.0 36.0 73.0 191.0 73.0 6.0 156.0 41.0 19.0 126.0 184.0 374.0 124.0 71.0 2.0 19.0 199.0 204.0 2
88.0 40.0 69.0 146.0 59.0 7.0 130.0 51.0 18.0 134.0 147.0 252.0 144.0 64.0 1.0 1.0 193.0 200.0 0
105.0 54.0 100.0 220.0 69.0 10.0 221.0 30.0 25.0 170.0 232.0 718.0 202.0 73.0 0.0 13.0 187.0 199.0 1
97.0 59.0 108.0 227.0 70.0 11.0 224.0 30.0 25.0 186.0 225.0 732.0 218.0 70.0 10.0 25.0 186.0 198.0 0
95.0 46.0 76.0 162.0 66.0 11.0 162.0 42.0 20.0 155.0 175.0 381.0 172.0 74.0 8.0 4.0 184.0 193.0 3
94.0 35.0 66.0 147.0 62.0 9.0 131.0 50.0 18.0 127.0 159.0 258.0 115.0 66.0 8.0 7.0 196.0 201.0 3
94.0 36.0 66.0 151.0 61.0 8.0 133.0 50.0 18.0 135.0 154.0 265.0 119.0 62.0 9.0 3.0 201.0 208.0 3
108.0 54.0 105.0 203.0 62.0 11.0 202.0 33.0 23.0 164.0 216.0 608.0 235.0 68.0 12.0 3.0 190.0 200.0 1
93.0 47.0 88.0 200.0 66.0 7.0 173.0 38.0 21.0 151.0 197.0 452.0 205.0 66.0 0.0 3.0 195.0 202.0 1
89.0 38.0 80.0 169.0 59.0 7.0 161.0 41.0 20.0 131.0 186.0 389.0 137.0 68.0 5.0 15.0 192.0 197.0 1
104.0 53.0 101.0 199.0 65.0 11.0 213.0 31.0 24.0 168.0 216.0 667.0 221.0 72.0 12.0 12.0 187.0 198.0 1
97.0 43.0 73.0 173.0 65.0 6.0 153.0 42.0 19.0 143.0 176.0 361.0 172.0 66.0 13.0 1.0 200.0 204.0 2
83.0 42.0 71.0 152.0 64.0 7.0 149.0 45.0 19.0 142.0 172.0 331.0 158.0 74.0 2.0 2.0 184.0 190.0 2
84.0 45.0 66.0 154.0 65.0 6.0 145.0 46.0 19.0 144.0 168.0 312.0 177.0 73.0 2.0 3.0 184.0 188.0 2
106.0 53.0 98.0 203.0 63.0 11.0 220.0 30.0 25.0 167.0 228.0 710.0 214.0 71.0 10.0 24.0 188.0 197.0 0
109.0 52.0 104.0 199.0 60.0 12.0 215.0 31.0 24.0 162.0 220.0 691.0 212.0 67.0 11.0 7.0 189.0 199.0 1
113.0 57.0 109.0 194.0 56.0 6.0 260.0 26.0 28.0 175.0 288.0 982.0 261.0 85.0 11.0 21.0 182.0 183.0 2
88.0 44.0 84.0 135.0 55.0 12.0 155.0 44.0 20.0 158.0 176.0 351.0 164.0 75.0 7.0 11.0 183.0 195.0 3
108.0 54.0 103.0 212.0 65.0 11.0 208.0 32.0 24.0 162.0 228.0 648.0 240.0 71.0 9.0 0.0 189.0 197.0 1
89.0 38.0 77.0 161.0 62.0 7.0 149.0 45.0 19.0 129.0 174.0 327.0 153.0 71.0 6.0 21.0 188.0 193.0 1
94.0 40.0 85.0 186.0 62.0 9.0 169.0 39.0 20.0 139.0 184.0 430.0 133.0 61.0 2.0 9.0 200.0 210.0 1
105.0 45.0 100.0 195.0 61.0 10.0 198.0 33.0 23.0 149.0 214.0 586.0 186.0 67.0 8.0 5.0 192.0 200.0 1
82.0 43.0 70.0 250.0 105.0 55.0 139.0 48.0 18.0 145.0 231.0 289.0 172.0 99.0 4.0 9.0 190.0 199.0 3
82.0 44.0 72.0 118.0 52.0 7.0 152.0 44.0 19.0 147.0 174.0 340.0 177.0 82.0 2.0 2.0 180.0 185.0 2
91.0 46.0 75.0 185.0 75.0 7.0 154.0 42.0 19.0 147.0 178.0 362.0 192.0 72.0 8.0 8.0 192.0 199.0 2
89.0 46.9062772 83.9690492 145.8753264 58.0937228 9.9062772 153.3748912 44.0 19.0937228 151.6560596 174.531386 349.6560596 185.1564948 74.468614 12.9062772 6.62510880001 185.8125544 196.4376632 3
98.0 46.0 77.0 199.0 71.0 7.0 166.0 39.0 20.0 150.0 184.0 422.0 180.0 69.0 13.0 9.0 200.0 203.0 2
115.0 51.0 100.0 201.0 60.0 12.0 196.0 34.0 23.0 162.0 207.0 573.0 184.0 62.0 22.0 1.0 198.0 208.0 1
91.0 46.0 75.0 185.0 75.0 7.0 154.0 42.0 19.0 147.0 178.0 362.0 192.0 72.0 8.0 8.0 192.0 199.0 2
95.0 49.0 92.0 193.0 62.0 10.0 178.0 37.0 21.0 154.0 200.0 478.0 171.0 64.0 2.0 0.0 198.0 206.0 0
84.0 42.0 76.0 156.0 64.0 7.0 151.0 44.0 19.0 143.0 179.0 339.0 157.0 75.0 0.0 20.0 187.0 193.0 2
97.0 41.0 62.0 133.0 56.0 7.0 130.0 52.0 18.0 143.0 158.0 247.0 157.0 78.0 5.0 7.0 184.0 186.0 3
85.0 43.0 69.0 141.0 62.0 7.0 152.0 44.0 19.0 145.0 178.0 341.0 179.0 84.0 1.0 4.0 181.0 184.0 2
86.0 40.0 62.0 140.0 62.0 7.0 150.0 45.0 19.0 133.0 165.0 330.0 173.0 82.0 2.0 3.0 180.0 185.0 1
89.0 46.0 78.0 150.0 63.0 11.0 160.0 43.0 20.0 160.0 170.0 367.0 176.0 73.0 5.0 9.0 185.0 194.0 3
96.0 39.0 58.0 117.0 51.0 6.0 133.0 52.0 18.0 139.0 154.0 255.0 150.0 86.0 6.0 0.0 181.0 182.0 3
98.0 52.0 86.0 207.0 69.0 5.0 192.0 33.0 22.0 161.0 212.0 570.0 221.0 75.0 4.0 6.0 194.0 195.0 2
94.0 45.0 89.0 213.0 71.0 5.0 186.0 35.0 22.0 145.0 204.0 533.0 182.0 71.0 4.0 13.0 195.0 198.0 2
90.0 46.0 80.0 143.0 62.0 11.0 159.0 43.0 20.0 156.0 169.0 366.0 186.0 74.0 17.0 7.0 185.0 193.0 3
89.0 40.0 77.0 159.0 65.0 9.0 144.0 46.0 19.0 141.0 168.0 314.0 143.0 70.0 0.0 5.0 190.0 200.0 3
95.0 43.0 96.0 202.0 65.0 10.0 189.0 35.0 22.0 143.0 217.0 534.0 166.0 71.0 6.0 27.0 190.0 197.0 0
90.0 43.0 66.0 157.0 65.0 9.0 137.0 48.0 18.0 146.0 162.0 281.0 164.0 67.0 3.0 3.0 193.0 202.0 3
99.0 57.0 109.0 220.0 66.0 11.0 221.0 30.0 25.0 176.0 234.0 725.0 236.0 70.0 10.0 25.0 188.0 200.0 0
98.0 39.0 68.0 121.0 49.0 7.0 134.0 51.0 18.0 142.0 164.0 261.0 134.0 75.0 4.0 1.0 186.0 186.0 3
111.0 50.0 103.0 199.0 60.0 11.0 211.0 31.0 24.0 156.0 223.0 663.0 188.0 68.0 9.0 9.0 190.0 200.0 1
89.0 42.0 70.0 148.0 62.0 7.0 147.0 45.0 19.0 143.0 176.0 323.0 153.0 76.0 2.0 6.0 186.0 189.0 2
90.0 43.0 72.0 172.0 59.0 8.0 154.0 42.0 19.0 144.0 174.0 360.0 158.0 61.0 15.0 9.0 203.0 209.0 1
99.0 55.0 101.0 206.0 62.0 13.0 222.0 30.0 25.0 180.0 225.0 722.0 213.0 71.0 2.0 3.0 186.0 196.0 0
85.0 33.0 50.0 104.0 53.0 4.0 115.0 59.0 17.0 118.0 136.0 193.0 127.0 83.0 1.0 30.0 179.0 185.0 1
95.0 43.0 71.0 159.0 64.0 6.0 145.0 45.0 19.0 141.0 169.0 322.0 171.0 67.0 8.0 4.0 195.0 200.0 2
106.0 55.0 98.0 224.0 68.0 11.0 215.0 31.0 24.0 170.0 222.0 679.0 214.0 68.0 2.0 29.0 189.0 201.0 0
93.0 43.0 88.0 170.0 66.0 9.0 150.0 45.0 19.0 147.0 164.0 334.0 143.0 65.0 2.0 17.0 196.0 206.0 3
97.0 46.0 101.0 210.0 66.0 8.0 192.0 35.0 22.0 151.0 208.0 546.0 169.0 66.0 1.0 32.0 191.0 200.0 0
83.0 36.0 54.0 119.0 57.0 6.0 128.0 53.0 18.0 125.0 143.0 238.0 139.0 82.0 6.0 3.0 179.0 183.0 1
95.0 43.0 96.0 202.0 65.0 10.0 189.0 35.0 22.0 143.0 217.0 534.0 166.0 71.0 6.0 27.0 190.0 197.0 0
97.0 45.0 72.0 187.0 71.0 5.0 161.0 40.0 20.0 144.0 178.0 399.0 186.0 70.0 7.0 7.0 196.0 203.0 2
89.0 44.0 82.0 136.0 54.0 6.0 149.0 45.0 19.0 144.0 170.0 332.0 168.0 68.0 10.0 14.0 188.0 193.0 0
78.0 43.0 70.0 147.0 65.0 8.0 147.0 46.0 19.0 145.0 169.0 319.0 168.0 77.0 1.0 12.0 181.0 186.0 2
83.8066368776 44.3950223418 73.9074664873 161.302488829 68.0 8.20165921939 142.10082961 46.0 18.1008296097 143.294192732 168.495851952 305.302488829 176.882578196 70.6975111709 10.3024888291 3.60497765818 191.0 199.201659219 3
101.0 56.0 100.0 168.0 55.0 11.0 214.0 31.0 24.0 175.0 219.0 681.0 224.0 74.0 2.0 3.0 185.0 192.0 0
102.0 54.0 98.0 201.0 61.0 6.0 225.0 29.0 25.0 165.0 246.0 766.0 231.0 79.0 9.0 14.0 188.0 187.0 2
99.0 57.0 109.0 220.0 66.0 11.0 221.0 30.0 25.0 176.0 234.0 725.0 236.0 70.0 10.0 25.0 188.0 200.0 0
98.0 51.0 84.0 207.0 72.0 7.0 184.0 35.0 21.0 161.0 199.0 520.0 198.0 72.0 9.0 11.0 196.0 199.0 2
110.0 56.0 109.0 199.0 57.0 5.0 251.0 27.0 27.0 169.0 272.0 928.0 268.0 82.0 11.0 10.0 183.0 183.0 2
93.0 35.0 78.0 162.0 60.0 8.0 150.0 45.0 19.0 125.0 172.0 331.0 137.0 67.0 2.0 33.0 191.0 198.0 0
101.0 51.0 105.0 212.0 68.0 10.0 209.0 32.0 24.0 162.0 222.0 653.0 224.0 73.0 5.0 23.0 186.0 195.0 0
96.0 36.0 74.0 183.0 70.0 6.0 149.0 43.0 19.0 127.0 178.0 341.0 127.0 69.0 0.0 17.0 201.0 205.0 2
86.0 39.0 61.7571300572 130.335784685 59.1214349714 6.12143497138 116.364304914 56.7571300572 17.0 134.878565029 137.364304914 204.092914742 144.514260114 63.6356950859 7.0 8.87856502862 199.121434971 204.364304914 3
111.0 50.0 103.0 199.0 60.0 11.0 211.0 31.0 24.0 156.0 223.0 663.0 188.0 68.0 9.0 9.0 190.0 200.0 1
110.0 58.0 106.0 180.0 51.0 6.0 261.0 26.0 28.0 171.0 278.0 998.0 257.0 83.0 9.0 13.0 181.0 182.0 2
95.0 42.0 85.0 174.0 66.0 9.0 153.0 44.0 19.0 144.0 168.0 347.0 150.0 65.0 11.0 5.0 196.0 204.0 3
106.0 52.0 107.0 211.0 62.0 8.0 200.0 33.0 23.0 161.0 218.0 602.0 200.0 67.0 9.0 17.0 194.0 201.0 0
87.0 42.0 76.0 159.0 65.0 5.0 155.0 42.0 19.0 138.0 184.0 362.0 157.0 76.0 6.0 12.0 189.0 193.0 2
91.0 46.0 75.0 185.0 75.0 7.0 154.0 42.0 19.0 147.0 178.0 362.0 192.0 72.0 8.0 8.0 192.0 199.0 2
92.0 40.0 82.0 163.0 63.0 9.0 146.0 45.0 19.0 140.0 165.0 319.0 137.0 64.0 9.0 0.0 199.0 206.0 3
102.0 51.0 92.0 194.0 60.0 6.0 220.0 30.0 25.0 162.0 247.0 731.0 209.0 80.0 7.0 7.0 188.0 186.0 2
92.0 38.0 60.0 130.0 62.0 5.0 114.0 58.0 17.0 132.0 135.0 194.0 137.0 72.0 14.0 5.0 190.0 194.0 3
90.0 48.0 78.0 134.0 56.0 11.0 160.0 43.0 20.0 167.0 169.0 366.0 185.0 76.0 1.0 14.0 182.0 192.0 3
95.0 47.0 81.0 176.0 59.0 7.0 168.0 39.0 20.0 152.0 196.0 425.0 185.0 67.0 4.0 4.0 191.0 198.0 1
100.0 52.0 104.0 189.0 59.0 10.0 208.0 32.0 24.0 163.0 220.0 642.0 197.0 70.0 1.0 22.0 187.0 198.0 1
93.0 39.0 86.0 180.0 59.0 9.0 167.0 39.0 20.0 134.0 186.0 418.0 129.0 63.0 6.0 17.0 197.0 204.0 1
98.0 39.0 68.0 121.0 49.0 7.0 134.0 51.0 18.0 142.0 164.0 261.0 134.0 75.0 4.0 1.0 186.0 186.0 3
90.0 40.0 83.0 178.0 61.0 8.0 178.0 37.0 21.0 132.0 199.0 472.0 157.0 71.0 1.0 14.0 187.0 193.0 0
89.0 46.0 78.0 150.0 63.0 11.0 160.0 43.0 20.0 160.0 170.0 367.0 176.0 73.0 5.0 9.0 185.0 194.0 3
100.0 44.0 93.0 193.0 62.0 8.0 186.0 35.0 22.0 147.0 202.0 521.0 151.0 66.0 0.0 2.0 193.0 198.0 0
94.0 36.0 68.0 127.0 54.0 7.0 127.0 52.0 18.0 132.0 155.0 242.0 116.0 66.0 1.0 2.0 195.0 196.0 3
95.0 42.0 85.0 174.0 66.0 9.0 153.0 44.0 19.0 144.0 168.0 347.0 150.0 65.0 11.0 5.0 196.0 204.0 3
107.0 53.0 108.0 211.0 63.0 11.0 219.0 31.0 25.0 168.0 228.0 704.0 198.0 69.0 10.0 21.0 190.0 203.0 1
83.0 37.0 49.0 112.0 55.0 5.0 122.0 55.0 17.0 128.0 144.0 219.0 146.0 85.0 8.0 16.0 180.0 184.0 3
86.0 34.0 62.0 140.0 61.0 7.0 122.0 54.0 17.0 127.0 141.0 223.0 112.0 64.0 2.0 14.0 200.0 208.0 3
105.0 54.0 106.0 215.0 68.0 10.0 208.0 32.0 24.0 166.0 217.0 640.0 218.0 69.0 14.0 23.0 189.0 199.0 1
91.0 39.0 83.0 170.0 60.0 8.0 172.0 38.0 21.0 134.0 197.0 445.0 152.0 72.0 0.0 10.0 188.0 194.0 1
106.0 52.0 108.0 207.0 64.0 12.0 221.0 31.0 25.0 168.0 229.0 709.0 200.0 73.0 22.0 38.0 190.0 205.0 1
91.0 41.7595886326 65.5191772651 143.442468205 58.7212341023 8.75958863257 132.797943163 50.2404113674 18.0 142.0 162.519177265 263.432184019 161.355474958 68.7595886326 6.0 6.68287957204 191.721234102 197.96164547 3
98.0 55.0 101.0 228.0 70.0 9.0 210.0 31.0 24.0 168.0 236.0 661.0 245.0 72.0 1.0 6.0 188.0 197.0 0
96.0 37.0 74.0 199.0 74.0 5.0 165.0 39.0 20.0 128.0 188.0 419.0 136.0 72.0 1.0 3.0 196.0 200.0 2
98.0 38.0 72.0 192.0 69.0 5.0 166.0 38.0 20.0 131.0 189.0 427.0 138.0 70.0 1.0 3.0 200.0 202.0 2
101.0 55.0 107.0 200.0 61.0 11.0 225.0 30.0 25.0 178.0 228.0 730.0 204.0 74.0 8.0 35.0 187.0 201.0 0
87.0 44.0 65.0 124.0 56.0 6.0 149.0 46.0 19.0 144.0 170.0 321.0 171.0 87.0 4.0 12.0 179.0 182.0 2
95.0 46.0 92.0 159.0 63.0 11.0 160.0 42.0 20.0 157.0 176.0 372.0 171.0 70.0 7.0 21.0 189.0 200.0 3
108.0 54.0 105.0 203.0 62.0 11.0 202.0 33.0 23.0 164.0 216.0 608.0 235.0 68.0 12.0 3.0 190.0 200.0 1
89.0 38.0 82.0 156.0 59.0 8.0 153.0 43.0 19.0 129.0 179.0 351.0 137.0 70.0 1.0 1.0 187.0 192.0 1
98.0 38.0 70.0 125.0 52.0 8.0 130.0 53.0 18.0 139.0 157.0 243.0 132.0 74.0 0.0 13.0 186.0 185.0 3
91.0 42.0 80.0 162.0 66.0 8.0 148.0 44.0 19.0 145.0 171.0 331.0 147.0 70.0 3.0 5.0 189.0 199.0 3
85.0 36.0 78.0 149.0 55.0 7.0 147.0 45.0 19.0 128.0 168.0 321.0 134.0 64.0 10.0 24.0 197.0 203.0 0
84.0 43.0 76.0 180.0 75.0 7.0 155.0 43.0 19.0 143.0 180.0 359.0 173.0 77.0 5.0 12.0 185.0 190.0 2
96.0 45.0 87.0 169.0 67.0 10.0 154.0 44.0 19.0 149.0 167.0 351.0 174.0 67.0 9.0 8.0 192.0 201.0 3
85.0 42.0 59.0 132.0 58.0 7.0 149.0 46.0 19.0 144.0 166.0 320.0 172.0 83.0 8.0 4.0 179.0 182.0 2
100.0 46.0 90.0 172.0 67.0 9.0 157.0 43.0 20.0 150.0 170.0 363.0 184.0 67.0 17.0 7.0 192.0 200.0 3
85.0 44.0 66.0 125.0 58.0 6.0 148.0 45.0 19.0 145.0 170.0 323.0 185.0 84.0 8.0 1.0 180.0 183.0 2
89.0 40.0 69.0 147.0 58.0 6.0 132.0 50.0 18.0 137.0 155.0 260.0 151.0 61.0 16.0 6.0 203.0 209.0 0
85.0 45.0 73.0 167.0 69.0 8.0 143.0 46.0 18.0 148.0 173.0 307.0 176.0 71.0 2.0 0.0 190.0 199.0 3
94.0 36.0 68.0 127.0 54.0 7.0 127.0 52.0 18.0 132.0 155.0 242.0 116.0 66.0 1.0 2.0 195.0 196.0 3
82.0 43.0 71.0 154.0 68.0 7.0 150.0 45.0 19.0 143.0 171.0 330.0 173.0 78.0 7.0 11.0 181.0 186.0 2
96.0 49.0 98.0 187.0 59.0 6.0 213.0 31.0 24.0 152.0 228.0 680.0 210.0 77.0 8.0 28.0 188.0 189.0 2
84.0 45.0 66.0 154.0 65.0 6.0 145.0 46.0 19.0 144.0 168.0 312.0 177.0 73.0 2.0 3.0 184.0 188.0 2
90.0 46.0 75.0 133.0 55.0 11.0 160.0 43.0 20.0 161.0 173.0 369.0 171.0 77.0 0.0 16.0 182.0 192.0 3
95.0 46.0 76.0 162.0 66.0 11.0 162.0 42.0 20.0 155.0 175.0 381.0 172.0 74.0 8.0 4.0 184.0 193.0 3
94.0 48.0 87.0 162.0 64.0 10.0 157.0 43.0 20.0 161.0 179.0 363.0 186.0 75.0 4.0 15.0 184.0 195.0 3
85.0 36.0 66.0 123.0 55.0 5.0 120.0 56.0 17.0 128.0 140.0 212.0 131.0 73.0 1.0 18.0 186.0 190.0 3
90.3716244434 43.3429061108 85.5143591663 162.22888972 64.5143591663 10.8285469446 155.342906111 43.0 19.1714530554 152.028718333 173.0 357.543077499 171.085298058 71.1427347229 5.51435916626 9.51435916626 186.200171388 196.685812222 3
92.0 45.0 76.0 162.0 57.0 7.0 159.0 41.0 20.0 147.0 184.0 381.0 177.0 69.0 8.0 10.0 190.0 195.0 1
80.0 38.0 64.0 130.0 59.0 8.0 134.0 51.0 18.0 126.0 152.0 259.0 135.0 76.0 1.0 23.0 179.0 188.0 0
87.0 37.0 52.0 116.0 54.0 6.0 115.0 58.0 17.0 126.0 135.0 196.0 144.0 74.0 11.0 22.0 186.0 190.0 3
98.0 52.0 86.0 207.0 69.0 5.0 192.0 33.0 22.0 161.0 212.0 570.0 221.0 75.0 4.0 6.0 194.0 195.0 2
90.3716244434 43.3429061108 85.5143591663 162.22888972 64.5143591663 10.8285469446 155.342906111 43.0 19.1714530554 152.028718333 173.0 357.543077499 171.085298058 71.1427347229 5.51435916626 9.51435916626 186.200171388 196.685812222 3
89.0 41.0 75.0 143.0 56.0 7.0 146.0 46.0 19.0 137.0 170.0 317.0 156.0 76.0 18.0 5.0 184.0 188.0 0
89.0 42.0 85.0 144.0 58.0 10.0 152.0 44.0 19.0 144.0 173.0 345.0 161.0 72.0 8.0 13.0 187.0 197.0 3
96.0 39.0 77.0 160.0 62.0 8.0 140.0 47.0 18.0 150.0 161.0 294.0 124.0 62.0 15.0 3.0 201.0 208.0 3
90.0 48.0 81.0 144.0 60.0 9.0 150.0 44.0 19.0 156.0 173.0 333.0 200.0 75.0 2.0 0.0 185.0 195.0 3
90.0 48.0 78.0 143.0 60.0 11.0 161.0 43.0 20.0 159.0 172.0 374.0 186.0 75.0 2.0 2.0 184.0 193.0 3
94.0 40.0 85.0 186.0 62.0 9.0 169.0 39.0 20.0 139.0 184.0 430.0 133.0 61.0 2.0 9.0 200.0 210.0 1
92.0 39.0 76.0 180.0 71.0 6.0 152.0 43.0 19.0 131.0 179.0 350.0 143.0 72.0 6.0 14.0 195.0 200.0 2
89.0 46.0 78.0 150.0 63.0 11.0 160.0 43.0 20.0 160.0 170.0 367.0 176.0 73.0 5.0 9.0 185.0 194.0 3
79.0 47.0 74.0 141.0 61.0 7.0 153.0 43.0 19.0 149.0 175.0 349.0 199.0 77.0 6.0 10.0 183.0 189.0 2
102.0 51.0 92.0 194.0 60.0 6.0 220.0 30.0 25.0 162.0 247.0 731.0 209.0 80.0 7.0 7.0 188.0 186.0 2
89.0 44.0 82.0 136.0 54.0 6.0 149.0 45.0 19.0 144.0 170.0 332.0 168.0 68.0 10.0 14.0 188.0 193.0 0
89.0 46.0 78.0 150.0 63.0 11.0 160.0 43.0 20.0 160.0 170.0 367.0 176.0 73.0 5.0 9.0 185.0 194.0 3
102.0 51.0 104.0 217.0 67.0 10.0 204.0 32.0 23.0 162.0 220.0 621.0 195.0 68.0 3.0 19.0 188.0 197.0 1
100.0 36.0 73.0 199.0 73.0 6.0 162.0 40.0 20.0 127.0 189.0 401.0 125.0 72.0 6.0 19.0 200.0 204.0 2
101.0 51.0 105.0 212.0 68.0 10.0 209.0 32.0 24.0 162.0 222.0 653.0 224.0 73.0 5.0 23.0 186.0 195.0 0
99.0 57.0 109.0 220.0 66.0 11.0 221.0 30.0 25.0 176.0 234.0 725.0 236.0 70.0 10.0 25.0 188.0 200.0 0
90.0 36.0 85.0 184.0 64.0 6.0 160.0 41.0 20.0 125.0 187.0 385.0 139.0 66.0 9.0 31.0 195.0 203.0 1
102.0 54.0 106.0 221.0 68.0 11.0 207.0 32.0 24.0 164.0 228.0 638.0 238.0 71.0 0.0 26.0 189.0 200.0 1
88.0 36.0 78.0 160.0 62.0 6.0 140.0 48.0 18.0 123.0 161.0 287.0 129.0 66.0 4.0 35.0 194.0 202.0 0
103.0 56.0 105.0 183.0 59.0 10.0 210.0 32.0 24.0 173.0 217.0 648.0 218.0 72.0 13.0 22.0 188.0 196.0 0
91.0 40.0 83.0 166.0 60.0 8.0 160.0 41.0 20.0 133.0 189.0 383.0 155.0 72.0 5.0 7.0 186.0 191.0 1
86.0 38.0 58.0 119.0 56.0 4.0 118.0 57.0 17.0 129.0 140.0 208.0 152.0 78.0 9.0 2.0 184.0 186.0 3
85.3323329637 46.7507502773 75.0830832409 121.332332964 53.0830832409 9.08308324091 156.916916759 44.0 20.0 163.836834627 167.584583795 357.501500555 176.0 76.9169167591 1.91391565004 7.41541620456 182.166166482 191.166166482 3
107.0 57.0 102.0 184.0 55.0 7.0 234.0 28.0 26.0 171.0 243.0 822.0 229.0 77.0 7.0 11.0 187.0 187.0 2
89.0 36.0 69.0 142.0 57.0 7.0 135.0 50.0 18.0 126.0 154.0 266.0 128.0 66.0 3.0 36.0 193.0 203.0 0
80.0 43.0 68.0 123.0 53.0 7.0 150.0 46.0 19.0 147.0 169.0 327.0 176.0 81.0 7.0 14.0 179.0 184.0 2
91.0 39.0 82.0 164.0 68.0 10.0 143.0 46.0 19.0 137.0 164.0 308.0 158.0 68.0 13.0 9.0 191.0 201.0 3
85.0 37.0 68.0 145.0 60.0 6.0 130.0 51.0 18.0 130.0 150.0 253.0 121.0 65.0 3.0 14.0 195.0 203.0 3
81.0 46.0 71.0 130.0 56.0 7.0 153.0 44.0 19.0 149.0 172.0 342.0 191.0 81.0 3.0 14.0 180.0 186.0 2
98.0 50.0 90.0 192.0 63.0 9.0 177.0 37.0 21.0 155.0 195.0 472.0 197.0 65.0 10.0 1.0 193.0 201.0 1
93.0 36.0 64.0 165.0 69.0 8.0 136.0 49.0 18.0 136.0 161.0 279.0 127.0 67.0 2.0 29.0 193.0 204.0 3
88.0 35.0 60.0 143.0 59.0 7.0 128.0 52.0 18.0 129.0 147.0 246.0 109.0 62.0 1.0 6.0 202.0 209.0 3
89.0 46.0 74.0 135.0 59.0 9.0 157.0 44.0 20.0 158.0 170.0 356.0 177.0 79.0 12.0 3.0 184.0 191.0 3
91.0 46.0 75.0 185.0 75.0 7.0 154.0 42.0 19.0 147.0 178.0 362.0 192.0 72.0 8.0 8.0 192.0 199.0 2
98.0 38.0 78.0 191.0 65.0 8.0 169.0 39.0 20.0 136.0 197.0 430.0 141.0 67.0 9.0 20.0 192.0 199.0 1
94.0 50.0 84.0 138.0 57.0 10.0 156.0 44.0 20.0 170.0 171.0 351.0 187.0 77.0 5.0 6.0 182.0 191.0 3
106.0 54.0 103.0 161.0 47.0 4.0 247.0 27.0 27.0 166.0 266.0 892.0 242.0 85.0 4.0 11.0 181.0 183.0 2
88.0 40.0 69.0 146.0 59.0 7.0 130.0 51.0 18.0 134.0 147.0 252.0 144.0 64.0 1.0 1.0 193.0 200.0 0
93.0 36.0 64.0 165.0 69.0 8.0 136.0 49.0 18.0 136.0 161.0 279.0 127.0 67.0 2.0 29.0 193.0 204.0 3
99.0 51.0 92.0 203.0 65.0 5.0 209.0 31.0 24.0 159.0 232.0 671.0 214.0 78.0 5.0 11.0 191.0 189.0 2
85.0 40.0 66.0 121.0 52.0 4.0 152.0 44.0 19.0 133.0 170.0 340.0 163.0 87.0 13.0 3.0 180.0 183.0 0
79.0 40.0 80.0 133.0 55.0 7.0 147.0 47.0 19.0 135.0 172.0 311.0 144.0 76.0 8.0 30.0 181.0 193.0 0
97.0 53.0 105.0 225.0 71.0 12.0 221.0 30.0 25.0 167.0 226.0 713.0 202.0 70.0 3.0 20.0 186.0 200.0 1
111.0 50.0 103.0 199.0 60.0 11.0 211.0 31.0 24.0 156.0 223.0 663.0 188.0 68.0 9.0 9.0 190.0 200.0 1
100.0 46.0 90.0 172.0 67.0 9.0 157.0 43.0 20.0 150.0 170.0 363.0 184.0 67.0 17.0 7.0 192.0 200.0 3
102.0 54.0 98.0 167.0 53.0 10.0 217.0 31.0 24.0 174.0 228.0 692.0 223.0 72.0 0.0 31.0 187.0 198.0 0
92.0 39.0 91.0 191.0 62.0 8.0 176.0 37.0 21.0 137.0 196.0 466.0 151.0 67.0 3.0 23.0 192.0 200.0 0
85.0 35.0 64.0 129.0 57.0 6.0 116.0 57.0 17.0 125.0 138.0 200.0 123.0 65.0 1.0 23.0 196.0 203.0 3
101.0 55.0 108.0 228.0 69.0 12.0 215.0 31.0 24.0 168.0 229.0 684.0 214.0 71.0 2.0 16.0 188.0 199.0 1
86.0 38.0 76.0 143.0 59.0 8.0 142.0 47.0 18.0 131.0 167.0 301.0 138.0 71.0 5.0 10.0 189.0 196.0 3
98.0 51.0 84.0 207.0 72.0 7.0 184.0 35.0 21.0 161.0 199.0 520.0 198.0 72.0 9.0 11.0 196.0 199.0 2
86.0 34.0 62.0 140.0 61.0 7.0 122.0 54.0 17.0 127.0 141.0 223.0 112.0 64.0 2.0 14.0 200.0 208.0 3
85.3323329637 46.7507502773 75.0830832409 121.332332964 53.0830832409 9.08308324091 156.916916759 44.0 20.0 163.836834627 167.584583795 357.501500555 176.0 76.9169167591 1.91391565004 7.41541620456 182.166166482 191.166166482 3
97.0 37.0 78.0 181.0 62.0 8.0 161.0 41.0 20.0 131.0 182.0 389.0 117.0 62.0 2.0 28.0 203.0 211.0 0
109.0 53.0 103.0 210.0 63.0 11.0 219.0 30.0 25.0 172.0 229.0 707.0 212.0 71.0 6.0 3.0 188.0 199.0 1
108.0 49.0 103.0 200.0 62.0 10.0 206.0 32.0 23.0 155.0 227.0 635.0 215.0 72.0 6.0 16.0 189.0 198.0 1
90.0 48.0 78.0 134.0 56.0 11.0 160.0 43.0 20.0 167.0 169.0 366.0 185.0 76.0 1.0 14.0 182.0 192.0 3
95.0 47.0 88.0 162.0 64.0 11.0 159.0 43.0 20.0 157.0 176.0 371.0 185.0 71.0 12.0 13.0 189.0 198.0 3
110.0 56.0 109.0 199.0 57.0 5.0 251.0 27.0 27.0 169.0 272.0 928.0 268.0 82.0 11.0 10.0 183.0 183.0 2
81.0 44.0 72.0 139.0 60.0 6.0 153.0 44.0 19.0 146.0 180.0 347.0 178.0 81.0 1.0 15.0 182.0 186.0 2
105.0 54.0 106.0 215.0 68.0 10.0 208.0 32.0 24.0 166.0 217.0 640.0 218.0 69.0 14.0 23.0 189.0 199.0 1
102.0 54.0 106.0 221.0 68.0 11.0 207.0 32.0 24.0 164.0 228.0 638.0 238.0 71.0 0.0 26.0 189.0 200.0 1
89.0 37.0 51.0 111.0 54.0 5.0 120.0 56.0 17.0 127.0 138.0 213.0 147.0 82.0 7.0 4.0 181.0 183.0 3
94.0 46.0 79.0 181.0 62.0 8.0 167.0 40.0 20.0 148.0 190.0 418.0 193.0 67.0 12.0 15.0 191.0 198.0 0
81.0 43.0 68.0 125.0 57.0 8.0 149.0 46.0 19.0 146.0 169.0 323.0 172.0 83.0 6.0 18.0 179.0 184.0 2
90.0 41.0 71.0 169.0 68.0 7.0 150.0 44.0 19.0 138.0 175.0 336.0 157.0 71.0 3.0 18.0 192.0 197.0 2
86.0 38.3601319991 58.0 121.160791994 55.6398680009 4.36013199907 117.639868001 57.0 17.0 130.800659995 140.0 206.559472004 150.559472004 74.7588120084 8.27973600186 3.44052799629 186.160791994 188.881055993 3
87.0 37.0 52.0 116.0 54.0 6.0 115.0 58.0 17.0 126.0 135.0 196.0 144.0 74.0 11.0 22.0 186.0 190.0 3
98.0 55.0 101.0 228.0 70.0 9.0 210.0 31.0 24.0 168.0 236.0 661.0 245.0 72.0 1.0 6.0 188.0 197.0 0
84.0 43.0 70.0 123.0 54.0 8.0 151.0 45.0 19.0 146.0 173.0 332.0 176.0 81.0 1.0 12.0 181.0 184.0 2
101.0 52.0 101.0 197.0 62.0 9.0 188.0 35.0 22.0 162.0 208.0 527.0 203.0 67.0 14.0 15.0 193.0 202.0 1
101.0 52.0 101.0 197.0 62.0 9.0 188.0 35.0 22.0 162.0 208.0 527.0 203.0 67.0 14.0 15.0 193.0 202.0 1
94.0 43.0 64.0 173.0 69.0 7.0 150.0 43.0 19.0 142.0 169.0 344.0 177.0 68.0 9.0 1.0 199.0 206.0 2
89.0 38.0 74.0 138.0 59.0 7.0 136.0 49.0 18.0 133.0 167.0 278.0 128.0 72.0 7.0 7.0 189.0 193.0 3
105.0 53.0 105.0 184.0 57.0 11.0 211.0 31.0 24.0 168.0 224.0 661.0 218.0 71.0 0.0 15.0 186.0 197.0 1
101.0 56.0 100.0 215.0 69.0 10.0 208.0 32.0 24.0 169.0 227.0 651.0 223.0 74.0 6.0 5.0 186.0 193.0 0
88.0 43.0 84.0 136.0 55.0 11.0 154.0 44.0 19.0 150.0 174.0 350.0 164.0 73.0 6.0 2.0 185.0 196.0 3
89.0 38.0 74.0 138.0 59.0 7.0 136.0 49.0 18.0 133.0 167.0 278.0 128.0 72.0 7.0 7.0 189.0 193.0 3
98.0 52.0 86.0 207.0 69.0 5.0 192.0 33.0 22.0 161.0 212.0 570.0 221.0 75.0 4.0 6.0 194.0 195.0 2
89.0 38.0 82.0 156.0 59.0 8.0 153.0 43.0 19.0 129.0 179.0 351.0 137.0 70.0 1.0 1.0 187.0 192.0 1
90.0 48.0 78.0 143.0 60.0 11.0 161.0 43.0 20.0 159.0 172.0 374.0 186.0 75.0 2.0 2.0 184.0 193.0 3
104.0 52.0 94.0 208.0 66.0 5.0 208.0 31.0 24.0 161.0 227.0 666.0 218.0 76.0 11.0 4.0 193.0 191.0 2
91.0 49.0 86.0 195.0 63.0 8.0 177.0 37.0 21.0 156.0 203.0 473.0 201.0 67.0 7.0 5.0 192.0 198.0 0
85.0 43.0 64.0 128.0 56.0 8.0 150.0 46.0 19.0 144.0 168.0 324.0 173.0 82.0 9.0 14.0 180.0 184.0 2
98.0 48.0 101.0 203.0 65.0 9.0 197.0 33.0 23.0 152.0 216.0 584.0 174.0 68.0 2.0 5.0 189.0 197.0 1
107.0 53.0 108.0 211.0 63.0 11.0 219.0 31.0 25.0 168.0 228.0 704.0 198.0 69.0 10.0 21.0 190.0 203.0 1
105.0 46.0 100.0 195.0 61.0 9.0 193.0 34.0 22.0 150.0 207.0 557.0 161.0 65.0 5.0 9.0 194.0 202.0 0
94.0 48.0 83.0 162.0 64.0 10.0 156.0 43.0 19.0 153.0 177.0 357.0 187.0 74.0 4.0 14.0 185.0 196.0 3
79.0 47.0 74.0 141.0 61.0 7.0 153.0 43.0 19.0 149.0 175.0 349.0 199.0 77.0 6.0 10.0 183.0 189.0 2
94.0 38.0 88.0 179.0 60.0 7.0 170.0 39.0 21.0 131.0 188.0 435.0 144.0 66.0 2.0 28.0 195.0 204.0 1
107.0 54.0 98.0 210.0 66.0 11.0 218.0 31.0 24.0 169.0 221.0 704.0 216.0 71.0 14.0 0.0 188.0 197.0 1
92.0 40.0 82.0 163.0 63.0 9.0 146.0 45.0 19.0 140.0 165.0 319.0 137.0 64.0 9.0 0.0 199.0 206.0 3
97.0 45.0 91.0 161.0 63.0 10.0 151.0 45.0 19.0 148.0 166.0 334.0 171.0 65.0 18.0 20.0 197.0 205.0 3
89.0 47.0 81.0 147.0 64.0 11.0 156.0 44.0 20.0 163.0 170.0 352.0 188.0 76.0 6.0 13.0 184.0 193.0 3
91.0 37.0 76.0 138.0 55.0 8.0 132.0 51.0 18.0 135.0 157.0 256.0 124.0 69.0 0.0 12.0 191.0 192.0 3
107.0 53.0 108.0 211.0 63.0 11.0 219.0 31.0 25.0 168.0 228.0 704.0 198.0 69.0 10.0 21.0 190.0 203.0 1
86.0 34.0 62.0 140.0 61.0 7.0 122.0 54.0 17.0 127.0 141.0 223.0 112.0 64.0 2.0 14.0 200.0 208.0 3
86.0 44.0 65.0 129.0 56.0 6.0 152.0 45.0 19.0 150.0 168.0 331.0 177.0 83.0 4.0 13.0 178.0 183.0 2
100.0 50.0 81.0 197.0 67.0 6.0 186.0 34.0 22.0 158.0 206.0 531.0 198.0 74.0 6.0 1.0 197.0 198.0 2
100.0 41.0 75.0 205.0 71.0 5.0 176.0 36.0 21.0 138.0 204.0 479.0 151.0 72.0 7.0 19.0 197.0 197.0 2
114.0 57.0 102.0 181.0 52.0 6.0 257.0 26.0 28.0 169.0 287.0 968.0 261.0 85.0 2.0 21.0 182.0 184.0 2
90.0 38.0 75.0 164.0 64.0 7.0 151.0 43.0 19.0 131.0 168.0 345.0 139.0 66.0 0.0 0.0 195.0 204.0 2
88.0 43.0 84.0 136.0 55.0 11.0 154.0 44.0 19.0 150.0 174.0 350.0 164.0 73.0 6.0 2.0 185.0 196.0 3
85.0 45.0 70.0 130.0 58.0 8.0 151.0 45.0 19.0 146.0 171.0 334.0 187.0 79.0 2.0 5.0 181.0 186.0 2
100.0 49.0 80.0 206.0 70.0 6.0 183.0 35.0 21.0 156.0 206.0 517.0 198.0 73.0 3.0 13.0 198.0 199.0 2
89.0 37.0 51.0 111.0 54.0 5.0 120.0 56.0 17.0 127.0 138.0 213.0 147.0 82.0 7.0 4.0 181.0 183.0 3
89.0 41.0 75.0 143.0 56.0 7.0 146.0 46.0 19.0 137.0 170.0 317.0 156.0 76.0 18.0 5.0 184.0 188.0 0
93.0 47.0 83.0 165.0 60.0 7.0 167.0 40.0 20.0 147.0 197.0 417.0 201.0 73.0 12.0 4.0 187.0 192.0 0
89.0 42.0 75.0 140.0 55.0 6.0 145.0 46.0 19.0 139.0 170.0 312.0 166.0 71.0 15.0 26.0 191.0 198.0 0
85.0 40.0 66.0 121.0 52.0 4.0 152.0 44.0 19.0 133.0 170.0 340.0 163.0 87.0 13.0 3.0 180.0 183.0 0
105.0 56.0 98.0 209.0 64.0 11.0 217.0 31.0 24.0 173.0 225.0 696.0 216.0 72.0 2.0 19.0 188.0 199.0 0
82.0 44.0 72.0 118.0 52.0 7.0 152.0 44.0 19.0 147.0 174.0 340.0 177.0 82.0 2.0 2.0 180.0 185.0 2
88.0 39.0 70.0 166.0 66.0 7.0 148.0 44.0 19.0 134.0 167.0 332.0 143.0 69.0 5.0 13.0 193.0 201.0 2
98.0 39.0 68.0 121.0 49.0 7.0 134.0 51.0 18.0 142.0 164.0 261.0 134.0 75.0 4.0 1.0 186.0 186.0 3
92.0 40.0 62.0 144.0 59.0 8.0 127.0 52.0 17.0 139.0 149.0 241.0 150.0 62.0 13.0 1.0 204.0 210.0 3
80.0 43.0 68.0 120.0 54.0 8.0 150.0 45.0 19.0 145.0 171.0 329.0 176.0 85.0 4.0 8.0 179.0 183.0 2
86.0 39.0 61.7571300572 130.335784685 59.1214349714 6.12143497138 116.364304914 56.7571300572 17.0 134.878565029 137.364304914 204.092914742 144.514260114 63.6356950859 7.0 8.87856502862 199.121434971 204.364304914 3
99.0 52.0 104.0 177.0 55.0 10.0 210.0 32.0 24.0 166.0 219.0 657.0 215.0 73.0 3.0 2.0 187.0 194.0 0
92.0 35.0 58.0 136.0 58.0 6.0 122.0 55.0 17.0 132.0 142.0 222.0 116.0 64.0 6.0 17.0 197.0 203.0 3
109.0 54.0 103.0 205.0 63.0 11.0 222.0 30.0 25.0 175.0 229.0 720.0 213.0 71.0 6.0 14.0 187.0 200.0 1
91.0 42.0 81.0 193.0 69.0 5.0 169.0 38.0 20.0 137.0 184.0 434.0 156.0 68.0 3.0 23.0 198.0 204.0 2
88.0 37.0 51.0 105.0 52.0 5.0 119.0 57.0 17.0 128.0 135.0 207.0 125.0 86.0 8.0 16.0 179.0 183.0 3
92.0 35.0 58.0 136.0 58.0 6.0 122.0 55.0 17.0 132.0 142.0 222.0 116.0 64.0 6.0 17.0 197.0 203.0 3
82.0 45.0 68.0 150.0 69.0 5.0 148.0 45.0 19.0 144.0 169.0 322.0 184.0 80.0 5.0 0.0 181.0 184.0 2
92.0 36.0 78.0 165.0 57.0 8.0 153.0 43.0 19.0 128.0 169.0 349.0 124.0 60.0 4.0 19.0 203.0 211.0 1
110.0 54.0 102.0 201.0 64.0 11.0 213.0 31.0 24.0 171.0 222.0 669.0 221.0 73.0 17.0 16.0 188.0 198.0 1
88.0 44.0 70.0 151.0 61.0 8.0 143.0 46.0 18.0 143.0 163.0 311.0 173.0 68.0 7.0 8.0 196.0 203.0 2
104.0 53.0 108.0 206.0 61.0 11.0 217.0 31.0 24.0 168.0 226.0 694.0 209.0 67.0 0.0 9.0 188.0 201.0 1
100.0 36.0 73.0 199.0 73.0 6.0 162.0 40.0 20.0 127.0 189.0 401.0 125.0 72.0 6.0 19.0 200.0 204.0 2
77.0 38.0 63.0 135.0 59.0 5.0 130.0 52.0 18.0 130.0 145.0 247.0 139.0 79.0 13.0 21.0 183.0 187.0 0
99.0 55.0 101.0 206.0 62.0 13.0 222.0 30.0 25.0 180.0 225.0 722.0 213.0 71.0 2.0 3.0 186.0 196.0 0
104.0 51.0 108.0 193.0 59.0 11.0 217.0 31.0 24.0 163.0 232.0 694.0 203.0 72.0 15.0 22.0 190.0 201.0 1
104.0 51.0 108.0 193.0 59.0 11.0 217.0 31.0 24.0 163.0 232.0 694.0 203.0 72.0 15.0 22.0 190.0 201.0 1
87.0 44.0 65.0 124.0 56.0 6.0 149.0 46.0 19.0 144.0 170.0 321.0 171.0 87.0 4.0 12.0 179.0 182.0 2
94.0 35.0 66.0 147.0 62.0 9.0 131.0 50.0 18.0 127.0 159.0 258.0 115.0 66.0 8.0 7.0 196.0 201.0 3